5.102508158860564080e+00 4.780901160145077711e+00
5.323476802860631629e+00 5.131902746124904269e+00
4.915944873812943428e+00 -4.959145749498133249e+00
5.377271661738102893e+00 4.441126123508086998e+00
5.602229128837510785e+00 5.491075073807754947e+00
5.172454020943215269e+00 -5.460220751709030651e+00
4.428377514452994212e+00 4.235368115891311014e+00
-5.050475002389120505e+00 5.037781538707987394e+00
4.874244448308345135e+00 -4.779789019130143757e+00
5.488824044500445254e+00 4.302041806751920383e+00
4.235414094281558128e+00 5.132590657423646618e+00
3.846967126307434093e+00 4.590916754490926621e+00
4.951637826874404347e+00 -5.069743251222204705e+00
-5.106083389689322516e+00 4.932547769727133158e+00
4.978976107067676793e+00 4.720293175373404537e+00
4.554295024043447881e+00 4.817242214422218893e+00
5.368342117755552145e+00 5.041296974810114406e+00
-4.954691487444585540e+00 4.512957498054535499e+00
5.278190607194333417e+00 4.287991550852504830e+00
4.444805560564685010e+00 5.053496371471500659e+00
5.525904710304963885e+00 -5.121774085562893930e+00
5.217891228965738648e+00 5.006861750844174175e+00
4.964123247361511559e+00 -5.336308208703138156e+00
4.703371012274078389e+00 4.320154775472053288e+00
-5.590086673764902869e+00 5.874335387466370406e+00
4.992032497866286889e+00 5.566980405813929167e+00
-5.250995169266017726e+00 4.984785604151721117e+00
6.121712632644332075e+00 5.237416170700203821e+00
4.713023002931666205e+00 4.898020056101175967e+00
-6.157596042591208629e+00 4.996458797295015408e+00
5.722961181066888336e+00 -4.862829635126822758e+00
5.512138415101884625e+00 5.253562843271066818e+00
-4.968103443179276546e+00 5.105510138383225538e+00
4.418251080825633004e+00 4.338567833542112950e+00
-4.267303535953694826e+00 4.744316532826715616e+00
-5.393847668868744449e+00 5.770820773728985387e+00
5.488487365329898005e+00 4.503091095776361463e+00
4.553548962352923724e+00 -5.120858789066431882e+00
-5.691427847466675516e+00 5.255116893516057708e+00
5.329826587929671788e+00 -5.271180897942736365e+00
4.341991744884874826e+00 5.098687798519640602e+00
4.556226654906614826e+00 4.094567873315236639e+00
5.825224028370270091e+00 -4.711376939768457284e+00
4.823350892824110225e+00 6.250375580083828098e+00
3.871346474000638693e+00 4.694124830139963400e+00
4.962916209618184027e+00 5.081706902320893171e+00
-5.414724999110352321e+00 4.183481570239320213e+00
4.239252822203789961e+00 5.658160860351741483e+00
4.908662200707038181e+00 -4.487694507013271661e+00
-6.077127406548324728e+00 5.064841268173493560e+00
-5.441945507668523696e+00 5.925029948280520209e+00
-5.466814363361232942e+00 5.026664350652291446e+00
-4.761545403137774635e+00 6.520894401871044188e+00
-4.563939177859911211e+00 4.844050089331021880e+00
5.179178936160114155e+00 4.708459068808526382e+00
4.862516902826851783e+00 5.477835207661959416e+00
5.713139893154440152e+00 -5.164679343256768362e+00
5.464528572629935965e+00 5.736890069254699576e+00
5.166983605531028978e+00 -5.684165341305206454e+00
4.208655668381215520e+00 3.949637357748896349e+00
4.797974526133019779e+00 4.155545373681606591e+00
-4.252769246051685492e+00 4.118630763218161128e+00
-5.912515795212645031e+00 4.668662631242639804e+00
4.337403321985049409e+00 4.527631310963966094e+00
4.695156183354638912e+00 -5.132279026250955667e+00
6.344408871122414695e+00 5.144402876002618363e+00
-5.166684911571713279e+00 4.138505217124762936e+00
5.107653770339368293e+00 6.139845238460567955e+00
5.206524515075506621e+00 -5.267804626887398811e+00
4.283018050606494320e+00 6.784041419906407633e+00
-4.904394685172059454e+00 6.511149119607742897e+00
-5.538409416452207523e+00 5.476862440540383403e+00
4.447553770486005753e+00 4.927515348146408236e+00
5.640926227056944242e+00 4.368276137505111123e+00
-6.204767671560146525e+00 5.275226643942131588e+00
5.348082062888747323e+00 5.354641336763536152e+00
5.618874731953391155e+00 6.123115908708093968e+00
5.931154390443935220e+00 -4.872083010269474990e+00
4.302360518240556431e+00 -4.814408540566993189e+00
-4.994903753709044381e+00 5.219786378142040384e+00
-4.993564077899873332e+00 3.942816497516785645e+00
-4.096721349217867569e+00 4.381343675356777823e+00
4.147903623097706216e+00 3.823096071919440231e+00
-5.583122310598326088e+00 4.966802310789264929e+00
-5.825145291278995607e+00 5.625412506878656238e+00
5.559665650146448534e+00 -4.453440798596577821e+00
-6.275198857213085901e+00 4.688136736830451845e+00
4.986589495834230057e+00 5.708192379697750951e+00
-5.628836979154178799e+00 4.273536083159599208e+00
-5.019241960475965492e+00 5.924407573849991948e+00
4.035440014727276647e+00 5.119722494323305284e+00
5.880087364309837916e+00 5.470782463919233507e+00
4.662697655335538371e+00 3.933495127713335648e+00
5.204553368331934493e+00 -5.117185795865885289e+00
6.537653058578979604e+00 3.579769557459669294e+00
3.870632150199888599e+00 6.108369372774950179e+00
-4.372437106680586716e+00 4.109766619176459024e+00
4.762828799533235902e+00 4.535125319412049549e+00
5.064689053392076978e+00 -4.209867888703814565e+00
4.786813692045454260e+00 5.229411648227355158e+00
6.465976134428282229e+00 4.916988171583815515e+00
-4.968910812488310569e+00 4.929770436428987601e+00
-5.718570248945919587e+00 5.939427372011120809e+00
5.610982032357700433e+00 -5.276864556288495933e+00
4.654226533108542618e+00 6.604512119538155090e+00
4.437053786181645698e+00 -4.968755633441779729e+00
-5.533553903464761170e+00 3.941860860554265322e+00
-4.652679979377367658e+00 6.965033102817123734e+00
