4.702748109782887376e+00 5.859335637912495010e+00
4.279146524013528463e+00 4.186029249777235783e+00
5.009748958129198293e+00 -5.364621121166335271e+00
5.534744650640627484e+00 5.045632077373346291e+00
5.022136613855670007e+00 -5.536036526925852463e+00
5.448521814226818805e+00 -5.351038490738772246e+00
-5.664878117120849765e+00 -5.603370799733554897e+00
5.024897286421347253e+00 -5.216112072871558425e+00
5.185764952652297310e+00 4.814564718607847738e+00
-5.575775278037289340e+00 5.607851164055405846e+00
4.310233693262790489e+00 5.635301389421739415e+00
4.930429096834988201e+00 5.272696414208278171e+00
-5.057452127918683260e+00 5.337094772742941196e+00
5.080170231380695789e+00 -4.848770516577963541e+00
-4.793719683479556792e+00 5.493780957938082743e+00
4.165393178647754269e+00 4.136337163006672313e+00
4.553258720533976067e+00 -4.754785433710358333e+00
5.749596484903307214e+00 4.213773848394371413e+00
-4.129737477794735767e+00 4.379440700586408219e+00
5.124060072754837769e+00 4.942585705045407174e+00
5.513278535463112640e+00 -5.266699199717210789e+00
4.785303339750579532e+00 -4.812960434884637984e+00
-4.957245229566599853e+00 5.259576337693645520e+00
4.839588065745858536e+00 4.089892568132699857e+00
4.831822130889861455e+00 5.870985337389096337e+00
5.508933199352562760e+00 6.072719526479330554e+00
-4.271840407632274683e+00 5.463184942520738829e+00
-4.227320464541587164e+00 4.567163696854385613e+00
5.315455332804926769e+00 -4.737528268635730733e+00
-5.533553836393835468e+00 5.720765931290701545e+00
5.276392678723810903e+00 -5.432060664915163706e+00
5.374613917060458768e+00 5.474370505380400154e+00
4.919156556442666250e+00 -5.038834106755190057e+00
-4.947794216406328438e+00 5.581586876573598310e+00
5.035898390637302491e+00 4.278587581451700039e+00
4.649881278910347859e+00 5.757319106520513152e+00
-5.831624746889778166e+00 -5.655010001722651225e+00
5.291071078251762039e+00 6.651631936557185654e+00
5.463749804340195304e+00 4.747531135109767320e+00
4.184155724672192100e+00 5.484433979184819563e+00
5.881010870853930150e+00 4.227021958745074137e+00
5.085190771222397821e+00 5.259978298659261142e+00
4.633512975742559270e+00 -4.910943069096653346e+00
-4.311738362125389301e+00 -4.612391752401921785e+00
5.731660359872277510e+00 5.422549258359694591e+00
-5.211479547864480644e+00 5.098412555798729429e+00
5.140565023052515059e+00 -5.420651384512478188e+00
4.999213297286393853e+00 6.063735126712102463e+00
4.796089957473951948e+00 3.959106052404979259e+00
-5.062938428427161242e+00 4.245331501581771860e+00
-3.917204396720306292e+00 4.390251978909988750e+00
-4.880399332888631925e+00 -4.616881842974502881e+00
-4.445848237743998510e+00 5.360298551449782956e+00
-5.612323421541420387e+00 -5.490588666329798251e+00
5.800085693592421876e+00 4.755897967409686622e+00
4.702104452828501202e+00 -4.583866661576145418e+00
4.843643616728352086e+00 4.663000158490120839e+00
5.216571765247254966e+00 -4.980126652431557943e+00
5.837694467107750640e+00 5.769553828975261922e+00
4.409972097028452609e+00 4.318251556241692768e+00
5.293332056375898986e+00 5.103725569713616572e+00
5.173106306316352487e+00 4.078602999569632459e+00
-5.561266638000400775e+00 5.378901402504876472e+00
-5.183241744366852366e+00 -5.487970707094839362e+00
-5.175438353323602136e+00 -4.460213965207945996e+00
-4.090447984592685771e+00 4.631721223340459659e+00
5.173185164705143002e+00 -4.551280063305570778e+00
5.514382185767868094e+00 6.704594721108287025e+00
-6.509011496923802653e+00 3.913014332340873036e+00
-4.979299793928718465e+00 4.922959651505074419e+00
5.901015404672183884e+00 4.012538047751449177e+00
-4.347563932643324414e+00 5.146124537283143674e+00
5.553227489911875203e+00 5.390562401407532178e+00
4.762377607467978891e+00 5.156205521497167155e+00
-5.161008794486052764e+00 6.067283683681790052e+00
5.610660938090540562e+00 4.490279598737809685e+00
-4.547824728560873275e+00 -4.397963007140957004e+00
4.203332987807955057e+00 5.099539470741152769e+00
4.846069438871062118e+00 -5.469919848636652482e+00
4.536868808603334635e+00 6.279620758232668187e+00
5.339629414526291029e+00 6.061846398682684267e+00
-5.896497639892749554e+00 -5.374383666769293022e+00
4.568288147220501472e+00 -4.493358852550598748e+00
-6.065616647309843401e+00 5.076186071655161669e+00
4.390429311115412681e+00 4.477431114245936428e+00
-5.145352190272271642e+00 -5.320927100966446943e+00
-4.829343379019406690e+00 5.397620044837673881e+00
6.117160695042647589e+00 4.381366686506140695e+00
5.737888418257419687e+00 4.982824677755733234e+00
5.535060093113983726e+00 -4.821253352420202809e+00
-5.270780561103242334e+00 -4.419690326871201336e+00
3.910105673700430717e+00 4.167444900067973634e+00
-5.746037576697021976e+00 5.547387537881689035e+00
-4.563622859122797415e+00 -4.919330173603898793e+00
3.948343667096883891e+00 5.402095731190620143e+00
4.720419326921321712e+00 4.256656406525416436e+00
4.447505871434832336e+00 -5.284090634782660167e+00
-5.608301370015548848e+00 -5.786314221607074870e+00
-4.236505186544288648e+00 4.369194743884798449e+00
-4.128052189495016400e+00 5.196096046598634999e+00
4.827385880520846939e+00 -4.697111650557475926e+00
-5.372481789992740175e+00 5.057803494803970956e+00
5.041012511643272909e+00 6.674568977083465526e+00
6.376025118967037386e+00 5.716775573122706788e+00
-5.167224648776802098e+00 4.153623136003434801e+00
5.442244258399782986e+00 -5.502643578899309773e+00
5.293423615586141828e+00 4.571944562669852274e+00
5.809192295162182162e+00 6.272259569237121468e+00
5.465987387845037127e+00 5.537331739614962167e+00
-5.039151021779046502e+00 6.245975365874024909e+00
-4.629090773217330756e+00 -5.782578677015032476e+00
-4.577331028469948215e+00 5.575731284577216229e+00
-6.140631852040140615e+00 4.693345124873828489e+00
-3.432227316483842827e+00 4.150130322567331831e+00
-5.038765996490798926e+00 -4.830181401432332322e+00
3.522265551980993337e+00 4.550556761210557966e+00
5.303654935811489501e+00 -4.435975565044740776e+00
-5.547575364432734801e+00 -5.199776150622806625e+00
-4.730099809137975342e+00 4.895211873972056260e+00
-6.523645232827102625e+00 4.212083993727985920e+00
-6.280665411765056660e+00 5.834735574414218640e+00
-3.714192840870042644e+00 -5.278154219021869764e+00
