4.992032497866286889e+00 5.566980405813929167e+00
4.341991744884874826e+00 5.098687798519640602e+00
5.618874731953391155e+00 6.123115908708093968e+00
6.896339298341347401e+00 4.467426046672628992e+00
6.796202053831631673e+00 6.703596344647646532e+00
5.488824044500445254e+00 4.302041806751920383e+00
4.407372892326959501e+00 6.041113288452013563e+00
4.702457095628449935e+00 4.874634856328039945e+00
4.444012698545738438e+00 4.149919095988048312e+00
6.112779232013503261e+00 5.261539591466847021e+00
3.156201356256230106e+00 4.845922868354173296e+00
3.811727999082402008e+00 4.598401845174258540e+00
4.164455999617289628e+00 3.407665631816048979e+00
5.406889640845358613e+00 5.086949005149168812e+00
5.461845891449661039e+00 6.385838902619646262e+00
5.217891228965738648e+00 5.006861750844174175e+00
5.624794349420107586e+00 4.516931141029507657e+00
5.598612388232301562e+00 5.047482257548018048e+00
6.683024248605503814e+00 4.948001692270523222e+00
6.632158457507147276e+00 3.068423120980090957e+00
3.992199738421418065e+00 6.442324300958457428e+00
4.918671141995859308e+00 4.299500828152659437e+00
4.316690862924928318e+00 4.805605052699919000e+00
6.105431485112507772e+00 6.051318003543664226e+00
6.482542208746760792e+00 5.415853228130896646e+00
6.604905557481470346e+00 5.618902799637219836e+00
4.554295024043447881e+00 4.817242214422218893e+00
4.418251080825633004e+00 4.338567833542112950e+00
3.117712024572053764e+00 5.301882419470217656e+00
6.121712632644332075e+00 5.237416170700203821e+00
4.995575679150327630e+00 7.359274133581947375e+00
6.260337560249899624e+00 6.660289400655413417e+00
5.240445589092789014e+00 4.721054468934140935e+00
4.978976107067676793e+00 4.720293175373404537e+00
5.556119109875746531e+00 3.754888851826683194e+00
6.633066347266943552e+00 5.338571349763229001e+00
5.805394136476047962e+00 4.200523529549265334e+00
5.542179136037809428e+00 7.005911790139567330e+00
4.556226654906614826e+00 4.094567873315236639e+00
5.640926227056944242e+00 4.368276137505111123e+00
5.343386838437155895e+00 4.454541660409607751e+00
3.165331697115557397e+00 5.451260667411573557e+00
7.094604478225633670e+00 3.760434097409621312e+00
3.678979545861860156e+00 6.067025164055784181e+00
4.654226533108542618e+00 6.604512119538155090e+00
5.021699549133402662e+00 4.811800823278565176e+00
6.344408871122414695e+00 5.144402876002618363e+00
5.634345655619687143e+00 5.570666562847245373e+00
5.210390845439726526e+00 6.402441648466576041e+00
3.871346474000638693e+00 4.694124830139963400e+00
3.828217677305349120e+00 4.696957034421061827e+00
2.245351097267446860e+00 3.752879784679948649e+00
5.231859424024501770e+00 4.861232294704268320e+00
5.182826795950024490e+00 4.271618905059345828e+00
5.232603655726080660e+00 5.761877960547770350e+00
4.713023002931666205e+00 4.898020056101175967e+00
4.089308010036162955e+00 5.319141651386647851e+00
3.013677967846410510e+00 4.983242252833823827e+00
4.239252822203789961e+00 5.658160860351741483e+00
4.197638461859598102e+00 4.332087156653845916e+00
4.235414094281558128e+00 5.132590657423646618e+00
5.323476802860631629e+00 5.131902746124904269e+00
4.447553770486005753e+00 4.927515348146408236e+00
4.786813692045454260e+00 5.229411648227355158e+00
4.194564549459881775e+00 5.666176181033143244e+00
5.162956184131043180e+00 4.780347851681431059e+00
5.602229128837510785e+00 5.491075073807754947e+00
5.278190607194333417e+00 4.287991550852504830e+00
4.986589495834230057e+00 5.708192379697750951e+00
6.087027710793456059e+00 5.172413759350845908e+00
4.015661063973866796e+00 5.047004919264701961e+00
3.663108864978751988e+00 4.340656087347730896e+00
5.317213445570194708e+00 6.213364248299640735e+00
3.503887925902043676e+00 6.117662411317370541e+00
4.208655668381215520e+00 3.949637357748896349e+00
4.407314092278360462e+00 5.489112034814271901e+00
6.742729383469217908e+00 3.819193294081977719e+00
4.283018050606494320e+00 6.784041419906407633e+00
5.735467334130299299e+00 5.133823145089856155e+00
5.628812759821101963e+00 5.558321328447203058e+00
4.624537268786953703e+00 5.270902750526994751e+00
5.512138415101884625e+00 5.253562843271066818e+00
4.428377514452994212e+00 4.235368115891311014e+00
4.851901539735670177e+00 4.595734546390137787e+00
8.212183894007200280e+00 5.175273290176605201e+00
3.565858028145970415e+00 4.949941060720280284e+00
6.912548786161638148e+00 4.174266040871558836e+00
3.625975744322568417e+00 3.030274764989584035e+00
4.862516902826851783e+00 5.477835207661959416e+00
4.144350515587349904e+00 5.678593378163619754e+00
5.285335210627394531e+00 5.144299308729235243e+00
3.819037833041876606e+00 3.754627722212107166e+00
6.253452924287078218e+00 3.137211807544793896e+00
5.464528572629935965e+00 5.736890069254699576e+00
4.823350892824110225e+00 6.250375580083828098e+00
3.702786958361429903e+00 6.117494262201408795e+00
5.102508158860564080e+00 4.780901160145077711e+00
6.194248365960707936e+00 4.689341056719555922e+00
5.368342117755552145e+00 5.041296974810114406e+00
4.337403321985049409e+00 4.527631310963966094e+00
4.147903623097706216e+00 3.823096071919440231e+00
3.507197313577257169e+00 4.042962806656993813e+00
5.179178936160114155e+00 4.708459068808526382e+00
4.931462308893761026e+00 4.697972095227330058e+00
4.703371012274078389e+00 4.320154775472053288e+00
6.465976134428282229e+00 4.916988171583815515e+00
3.894174012472138902e+00 4.607334058616952888e+00
4.308975130557477939e+00 4.343367714525595780e+00
4.753737343296666751e+00 5.829591228854136276e+00
5.400190362188461712e+00 4.086089823690673306e+00
6.208467321031022834e+00 4.751499896953444768e+00
5.480534267958317329e+00 5.209686164786604401e+00
7.031422952255682368e+00 3.105437451256975123e+00
5.601691844642002316e+00 4.360479700714797957e+00
5.896780353172447420e+00 5.470497509336399666e+00
4.777239364546699285e+00 6.965093085673773388e+00
5.377271661738102893e+00 4.441126123508086998e+00
5.348082062888747323e+00 5.354641336763536152e+00
4.739381453581327897e+00 6.197956028320557031e+00
6.285217840672935985e+00 3.950205002649273212e+00
6.763918947863287734e+00 3.364150806141502414e+00
4.657058613646993805e+00 6.002552138905650203e+00
4.962916209618184027e+00 5.081706902320893171e+00
5.546949249817040517e+00 5.664112540611337288e+00
4.035440014727276647e+00 5.119722494323305284e+00
6.029820500416271045e+00 3.756564760091413824e+00
4.344724046890696911e+00 4.181865976623827308e+00
5.244345189299891352e+00 4.281564499310052341e+00
5.107653770339368293e+00 6.139845238460567955e+00
4.398132157074206461e+00 7.104131189161523530e+00
4.662697655335538371e+00 3.933495127713335648e+00
4.797974526133019779e+00 4.155545373681606591e+00
4.305903569466820180e+00 7.017215192787388922e+00
4.444805560564685010e+00 5.053496371471500659e+00
3.530055603063157577e+00 5.584011036021145458e+00
5.180371040453644049e+00 2.954356132188041162e+00
6.639814231400146483e+00 5.923912993665888749e+00
5.880087364309837916e+00 5.470782463919233507e+00
4.776882839114385604e+00 6.703515398468847586e+00
8.205169422655284706e+00 4.930374410910213889e+00
3.793753457512909044e+00 4.484202288725541052e+00
6.507668109898471442e+00 6.782956853867862179e+00
4.338800591463463086e+00 3.764842726148841301e+00
5.995300990249120332e+00 6.028663862375313265e+00
3.846967126307434093e+00 4.590916754490926621e+00
4.736437556300007401e+00 3.766524227309008932e+00
5.052142274922134746e+00 5.513463264095370242e+00
6.537653058578979604e+00 3.579769557459669294e+00
5.488487365329898005e+00 4.503091095776361463e+00
5.062839947834580911e+00 5.164172464894885017e+00
4.565724779155417856e+00 -5.375869869883215024e+00
5.016018150750901405e+00 -5.435725065969502445e+00
4.839787964377275209e+00 -4.829616218615957024e+00
4.157622527699245119e+00 -4.248554245457168754e+00
4.553548962352923724e+00 -5.120858789066431882e+00
5.931154390443935220e+00 -4.872083010269474990e+00
4.824888099930644714e+00 -4.880530228581605456e+00
4.951637826874404347e+00 -5.069743251222204705e+00
4.390482742464990373e+00 -3.830290785123699138e+00
4.898620371519003314e+00 -5.285867982565826573e+00
6.053043165560938021e+00 -4.784915641378885809e+00
6.091496845350882872e+00 -4.631611833478710416e+00
4.271283908769591520e+00 -5.609534475716687396e+00
5.050678960927412753e+00 -5.735654275098202248e+00
4.874244448308345135e+00 -4.779789019130143757e+00
5.154207631239265730e+00 -5.526486992986887614e+00
5.720720007746280977e+00 -5.446474598856267946e+00
4.984040663254944548e+00 -5.036120725689145594e+00
5.254341843948955315e+00 -5.453389590391785724e+00
5.310936298968641722e+00 -5.847052707117433634e+00
5.400935382981026045e+00 -4.799783480589169038e+00
4.915944873812943428e+00 -4.959145749498133249e+00
5.713139893154440152e+00 -5.164679343256768362e+00
4.887061099525346286e+00 -4.765409429288244070e+00
4.908662200707038181e+00 -4.487694507013271661e+00
4.494271865471266558e+00 -5.196112934964632224e+00
4.918745183897994089e+00 -4.088094676640226410e+00
5.064689053392076978e+00 -4.209867888703814565e+00
5.825224028370270091e+00 -4.711376939768457284e+00
4.964123247361511559e+00 -5.336308208703138156e+00
5.610982032357700433e+00 -5.276864556288495933e+00
5.492901708664131633e+00 -5.759986664181781180e+00
6.025591465360990995e+00 -4.337023683229608295e+00
4.695156183354638912e+00 -5.132279026250955667e+00
4.727820742518659358e+00 -5.993448097857670298e+00
5.858553561745486249e+00 -5.093944683802047457e+00
5.204553368331934493e+00 -5.117185795865885289e+00
4.265710131039414321e+00 -6.023609265318750516e+00
4.653822312675209183e+00 -4.578653191814751722e+00
5.559665650146448534e+00 -4.453440798596577821e+00
5.035949569667464765e+00 -4.839891486895582240e+00
4.131494769838027104e+00 -4.466727869639150583e+00
5.722961181066888336e+00 -4.862829635126822758e+00
5.424033709366871570e+00 -4.344462069081366451e+00
4.851692457039011863e+00 -4.456435169510983840e+00
4.046180778519948618e+00 -4.724675434863596202e+00
5.172454020943215269e+00 -5.460220751709030651e+00
5.206524515075506621e+00 -5.267804626887398811e+00
5.166983605531028978e+00 -5.684165341305206454e+00
4.437053786181645698e+00 -4.968755633441779729e+00
-5.154308023306662712e+00 6.077496876440005025e+00
-5.050475002389120505e+00 5.037781538707987394e+00
-6.204767671560146525e+00 5.275226643942131588e+00
-4.954963578601227603e+00 4.204203980671747054e+00
-4.595464019116545451e+00 6.964504064240607306e+00
-6.005510743311631039e+00 5.295111352205768895e+00
-6.196220504469395429e+00 5.985121402063973584e+00
-5.252784647728280909e+00 4.699774688529017475e+00
-4.488996384715646215e+00 5.304209704184369656e+00
-5.832247183950206804e+00 3.535096261000941098e+00
-5.628836979154178799e+00 4.273536083159599208e+00
-3.877646735038323467e+00 5.753801875868764348e+00
-4.096721349217867569e+00 4.381343675356777823e+00
-2.266615525828203026e+00 6.309070774454241359e+00
-5.825145291278995607e+00 5.625412506878656238e+00
-3.763561393486630102e+00 3.878406203524344953e+00
-5.562842263094416317e+00 4.194466107446787717e+00
-4.652679979377367658e+00 6.965033102817123734e+00
-4.761545403137774635e+00 6.520894401871044188e+00
-4.650371251255242200e+00 6.208494371665015166e+00
-6.373656071272510992e+00 4.590051407212211387e+00
-4.922174768134223832e+00 4.482429897688679610e+00
-5.019241960475965492e+00 5.924407573849991948e+00
-5.922313881978650940e+00 7.260969551479953488e+00
-5.166684911571713279e+00 4.138505217124762936e+00
-6.302830748895963175e+00 5.740628161784599115e+00
-4.968910812488310569e+00 4.929770436428987601e+00
-5.033116166644711065e+00 4.459389208451569608e+00
-5.167227707593840869e+00 3.438476171300574702e+00
-5.414724999110352321e+00 4.183481570239320213e+00
-5.499146871537749170e+00 6.069223092105977102e+00
-6.526902538309649060e+00 6.306673076192782723e+00
-4.532833905199845859e+00 4.803368943244104905e+00
-6.432621943939746956e+00 3.698722578172737308e+00
-3.626621809220143433e+00 6.032043740806125598e+00
-5.250995169266017726e+00 4.984785604151721117e+00
-5.832040270156124251e+00 3.870922260191972164e+00
-5.001389353310874419e+00 6.564701778770821505e+00
-5.393847668868744449e+00 5.770820773728985387e+00
-6.274110404708565625e+00 5.052128427964059476e+00
-5.691427847466675516e+00 5.255116893516057708e+00
-6.275198857213085901e+00 4.688136736830451845e+00
-6.077127406548324728e+00 5.064841268173493560e+00
-6.116812878431414191e+00 4.452816138292538639e+00
-5.441945507668523696e+00 5.925029948280520209e+00
-2.706064741044799327e+00 5.462495987901709427e+00
-3.968946130842784470e+00 7.477482823205120255e+00
-5.675531030633268692e+00 4.891544543375005993e+00
-5.583122310598326088e+00 4.966802310789264929e+00
-3.071012954609933843e+00 5.875594911365825013e+00
-4.597496764217532395e+00 3.942206533615459474e+00
-4.267303535953694826e+00 4.744316532826715616e+00
-4.252769246051685492e+00 4.118630763218161128e+00
-4.954691487444585540e+00 4.512957498054535499e+00
-5.319788592593479137e+00 5.357801929938311503e+00
-5.538409416452207523e+00 5.476862440540383403e+00
-5.466814363361232942e+00 5.026664350652291446e+00
-3.804900258228394616e+00 3.585969450682719994e+00
-6.275029241543406577e+00 3.702844647935074285e+00
-4.906115833234986567e+00 4.556604337769945445e+00
-6.157596042591208629e+00 4.996458797295015408e+00
-4.077838725401872644e+00 4.614960750307737669e+00
-4.372437106680586716e+00 4.109766619176459024e+00
-5.718570248945919587e+00 5.939427372011120809e+00
-4.998975168602883379e+00 4.887905197165042459e+00
-4.146428449045005848e+00 5.846781613996598459e+00
-3.879171109619488522e+00 5.560700119219763593e+00
-5.912515795212645031e+00 4.668662631242639804e+00
-6.475293433686514888e+00 5.078345049707693626e+00
-4.424006414320448499e+00 4.571614208091500764e+00
-3.543686359918719830e+00 5.418569018856486785e+00
-4.994903753709044381e+00 5.219786378142040384e+00
-3.242501063948256323e+00 6.632302226502480913e+00
-5.106083389689322516e+00 4.932547769727133158e+00
-4.904394685172059454e+00 6.511149119607742897e+00
-4.132924837536544160e+00 3.170785617921731969e+00
-4.985598969216559873e+00 5.137144345677234547e+00
-4.996827758990180612e+00 6.819325981308631768e+00
-5.612683907624833601e+00 3.040662656646147433e+00
-5.590086673764902869e+00 5.874335387466370406e+00
-3.863183679355506328e+00 3.789909848192120290e+00
-4.415114686619068252e+00 4.853107143132977086e+00
-5.410651800691777424e+00 5.492177180857344965e+00
-6.834685164332070961e+00 4.540427248747003652e+00
-7.363913896265784409e+00 4.638874578337616406e+00
-5.533553903464761170e+00 3.941860860554265322e+00
-3.740414794016345024e+00 4.899459640050286779e+00
-3.572372071417959205e+00 7.571004877457072624e+00
-3.934345365089331192e+00 6.306887943673435970e+00
-3.867169351038016512e+00 4.051322824479248297e+00
-6.439307129664390672e+00 5.578625223640107933e+00
-5.625342164681789825e+00 4.638873129394522010e+00
-4.935529560284555473e+00 4.049806831942681207e+00
-4.505256686637057584e+00 3.690230703731737893e+00
-4.337177827854908685e+00 8.094769056457252532e+00
-4.968103443179276546e+00 5.105510138383225538e+00
-6.874843139208173248e+00 4.020244517205352253e+00
-4.563939177859911211e+00 4.844050089331021880e+00
-4.662056807084026921e+00 5.501054663388631027e+00
-5.339609393225004830e+00 3.412834653919747829e+00
5.023076655070504160e+00 3.858385085636885314e+00
2.569286960092775463e+00 -9.119155452965554076e+00
-1.216258911150156052e+00 5.879960076525698742e-01
-2.286238329381934609e+00 -1.063098053357851347e+00
2.081983414152344114e+00 -5.671813369358056356e+00
1.128503922950601757e+00 4.668653741948268987e+00
1.730659228369171521e+00 4.115577078136306355e+00
-2.470045239713978269e+00 -2.044520924250652349e+00
-9.692379437596249758e+00 -1.594465651937119866e+00
1.619050605046190583e+00 1.730931355695775942e+00
-6.358434469271246670e+00 2.588802199201388987e+00
4.362882857525319125e+00 -1.958762417729908778e+00
7.486775646323780897e+00 6.020006025089975621e-01
-9.018525084837051509e+00 5.965043702404695836e+00
-8.071530476874835269e-01 -6.882236038900874098e-01
9.323261149629249900e+00 -1.659327448828020302e+00
4.235300381285659554e+00 6.755064566385737379e+00
-7.287033305550124851e+00 2.317220394736305256e+00
8.372516920202652813e-01 -4.397119382921975406e-02
-4.462672745506814261e-03 6.294364690682846541e-01
6.602916243254782991e+00 -1.157807138313221351e+01
-6.552781230132521451e+00 8.445993205759092959e+00
-5.712361898134974414e-01 -3.242492814934622825e+00
7.809798680996533626e+00 -2.498634039429414866e+00
-4.427103495168364766e+00 -2.488787336154231866e+00
-1.180074847741708455e+00 7.551903647723622548e+00
-9.093610151006247255e-01 5.764518144591637139e+00
7.891842987239127361e+00 8.327813258984961831e-01
-2.023186029194820712e+00 -2.188960855740655020e+00
5.746822278524140737e-01 4.258958370231990642e+00
7.527554259511179069e+00 1.434859770649845778e+01
-3.558532475676460471e+00 -3.163402515511025026e+00
7.049056031861646865e+00 -6.570873526942840215e+00
-8.116704312515846453e+00 -4.616216479365956360e+00
5.329826587929671788e+00 -5.271180897942736365e+00
4.980996941217693541e-01 -4.431342469114750493e+00
-1.921345796665351546e+00 -2.062214075197840446e-01
7.109417744172139564e+00 2.836864683280275301e+00
5.666036708680733724e+00 3.051416931753947459e+00
2.408149112353831445e+00 -1.082819332934739975e+01
-3.841068633079165018e+00 1.249121750873385750e+01
3.622978633281807692e+00 1.765042850663159080e-01
-3.363002578695946543e+00 7.027579689084363368e-01
-5.844756556002171699e+00 6.094888285936404415e+00
-2.484762239399706044e-02 -9.227713352820867243e+00
-5.251103745771612097e+00 1.853602134674967372e+00
-2.192964911346353407e+00 -5.564785242470793314e+00
-2.887450867123211307e+00 -1.046453638579286860e+01
3.525130804243871818e+00 -7.216535115605262618e-01
2.882613419675216893e+00 3.371053126193694460e+00
-4.872546021845385766e+00 6.910077032059774638e+00
3.390602123179423444e+00 -3.557245492845834800e+00
-8.092026343225246166e+00 1.195670579479989115e+00
8.991863692756846271e-01 9.228763692102008420e+00
5.615025563471458980e+00 3.209158864013470058e+00
4.762828799533235902e+00 4.535125319412049549e+00
-3.804072119127147822e+00 2.787139131149023896e+00
-1.420331209506624282e+00 -7.531436734003501776e+00
-5.630953525231559009e-01 -2.162121962484317095e+00
4.107833137044235805e+00 -1.489187272166425380e-01
5.289257273472150800e+00 9.725738726432549441e+00
-8.262769875878664294e+00 -5.683812632591465075e+00
-1.482674235694365183e+00 -5.564649360075994977e+00
-7.795660500042540519e-01 5.275312651068009728e+00
-7.966773710140671483e+00 -1.546183183588612842e+00
4.200721993357610984e+00 5.181710661454656197e+00
2.527247333921574413e+00 4.605379428892923066e+00
1.951195662151268273e+00 -5.600754602249890191e+00
2.703185757953131763e+00 -3.640694371341627322e-01
4.840893475606640184e-01 -5.585137215590409154e-02
-1.267062841109418692e+00 -5.060551596682692832e+00
-5.566646961726659626e+00 -6.995101573678824458e+00
3.307350780137477297e+00 -2.179190422189873022e+00
5.331293936527275790e+00 -7.367326158697096616e+00
9.830096871967790584e-01 9.026170881669208779e-01
8.285855294989872277e+00 4.506181102227473922e-01
6.283212506620147408e+00 7.815104727717704591e+00
5.383531069963559901e+00 1.460821225393689193e+00
-7.235731953561704621e+00 5.994523996594095294e+00
3.252048471689962028e+00 3.774123144003715513e+00
-1.161895409703706505e+01 -3.299707075476041584e+00
7.899279375639664202e+00 4.451183503373055572e+00
1.519841816245133037e+00 1.542604822860352970e-02
-8.108691791202605970e+00 2.471075439369628146e+00
6.020669492188568839e+00 6.179993347879771726e+00
-2.308171276843177466e+00 1.092294491350156882e+00
-1.991963258614063426e-01 7.843612703859337287e-01
-2.135145593083091597e+00 7.486841538586489264e+00
-5.744707786458489451e-01 2.743677108413205445e+00
-7.374291549576591720e+00 -2.260380844860500615e-01
-8.345107934027520713e+00 -6.189963554569335002e+00
3.599120438738111716e+00 2.017737002543739777e+00
-3.190279574339039748e+00 6.292833901417189679e+00
2.486895992432135216e+00 -4.689070634247570979e+00
2.307394968315442441e+00 -4.481871354446356648e+00
-2.684086626576763557e+00 2.382734946396550590e+00
4.392187059678153815e+00 -7.659370984218746514e+00
3.104159371703545833e+00 2.087984302716571428e+00
2.627546782197954789e-01 3.438598608205101659e+00
1.769202052029301919e+00 -4.888074893745159022e-01
6.235074570486355050e+00 -5.551248495281377870e-01
7.344988912345092658e+00 4.956036555881727423e+00
-1.947550613173169159e-02 -4.208577442872751262e-01
-4.355070533012349365e+00 7.655945633625766966e+00
-5.309116057575931080e+00 -3.972578485790639213e+00
7.488712541454614069e-01 4.876172666976513526e+00
8.120383988496985950e+00 -7.458604198114942463e+00
-6.477463732492902970e+00 -8.267683043651182118e+00
-7.039308452668113780e+00 7.954324011866326094e-01
2.457189786328975334e+00 3.166345522194708551e+00
-5.851659856684879202e+00 -1.308822439645509927e+00
9.434974760596336329e-01 -2.666643875416964793e+00
-5.160159306579386929e+00 8.110502791241465559e+00
5.566985990241846594e+00 -8.107421647229582362e-01
4.269071729683993510e+00 1.101317648624468237e+00
4.515880603032386142e-01 3.867437761385410955e+00
-1.159373739387701008e+01 2.416576747416038451e+00
-8.792952776407847892e+00 6.160059614768650604e+00
6.164767394167823156e+00 -2.559209870040572987e+00
8.715258303870015766e+00 3.449677799943310141e+00
6.598847519877859558e-02 9.306601093577427264e+00
-3.130053582789483091e+00 3.548171511020888236e+00
-9.327708115765118713e-01 -2.285734646043165175e-01
6.448684252105177706e+00 1.543536826698603592e+00
-1.156524482137407883e+00 -1.355451020469261803e+00
-3.944690808693222195e+00 -5.120240796006754636e+00
6.168023046418079636e-01 -2.068734262261134216e+00
7.885246831724485261e+00 1.628191240036556353e+00
8.779927554861357564e-01 -8.673217142190992490e+00
-9.039808682017859143e-01 -1.893452493434130801e+00
1.002854826345964456e+00 4.373420334734000825e+00
-4.135156649254158268e+00 -6.257432989345588226e+00
1.939481847465996056e+00 8.536362113901795112e+00
-2.088264001232500888e+00 -3.320783453615520742e+00
2.093893024168753669e+00 1.417586936903558970e+00
4.273373262860004296e+00 7.475595675079381053e+00
-3.008752717585836844e+00 1.548836942418225338e+00
-1.335974230412798613e+00 -2.299984988101016370e+00
-9.149708140844705184e+00 -1.225966221146906676e+01
-2.962152613331265893e+00 7.822168070513161098e+00
6.332001963826535018e+00 -1.929042952727572757e+00
-1.936990727970322901e+00 -4.576450325660696983e+00
-3.920636406620637171e+00 2.934188335341630371e-01
3.054216282346724043e+00 1.319696046350564700e+00
1.078929183138297221e+00 6.292045661661870293e-01
-6.782132835745918520e+00 4.325420344396637695e+00
2.693455907347459100e+00 8.942460885052085473e+00
-1.607427068088861155e+00 3.963786873188578141e+00
1.461803234259187434e+01 -9.288724091201567834e-01
7.368192046754435509e+00 4.144335229617092331e+00
3.343161712780610278e-02 3.807750851677733639e+00
-4.979804450873608346e+00 5.839743122391705121e+00
-2.472068041184944942e+00 1.106190165870839692e+01
-4.494278179331146816e+00 3.361853300957458046e+00
4.302360518240556431e+00 -4.814408540566993189e+00
-4.785742061587578533e+00 -1.713092687822642679e+00
3.825174303480845417e+00 -4.876952527049683184e+00
1.645932368425004011e+00 -1.900733038071846792e+00
2.396144908869910051e+00 -7.178646377697562642e+00
-2.157724524018741707e+00 -2.498072082909903013e+00
2.645493628623130089e+00 -5.285969068535305571e-01
1.948216518045890133e+00 -4.649989927276322987e+00
-2.039052037958748897e+00 -3.831309344859860078e-01
3.083530946605816947e+00 6.916137943490845430e-01
2.471988560169650739e+00 -1.000086518934188007e+01
2.777767136742703702e+00 -1.341857597585557560e+00
2.316321614424985853e+00 7.377934549281759402e+00
-4.917887283442347268e+00 -2.926099589818236701e+00
-3.049028544299406951e-01 2.463865231698224356e+00
2.297622989707061691e+00 1.128071949446797007e+00
-9.814650379435918559e-02 3.120148991438785213e+00
-3.986379532274956006e+00 4.841009312884604121e+00
-2.825697091216404999e+00 -3.010902082769125521e+00
-2.084964917427115871e+00 1.248027426905529147e+00
-6.716892525486091614e+00 -1.469243856346953425e+00
-8.792560778052768811e+00 1.130403139739086571e+00
8.557247390484054250e+00 -2.805418381074272105e+00
1.170693011274005269e+00 -3.815107951568641909e+00
-2.283008146754573087e+00 -7.362102890314801140e-01
-5.890350102596085824e-01 5.635242269682557037e+00
7.117164230988532125e+00 1.921044996391565729e-01
-6.965686944861766428e-01 -4.344245109709972574e+00
1.053987501346634603e-01 9.124858482081050326e+00
-5.959939036381872945e+00 -5.142088282473261884e+00
4.199906436919339292e+00 8.168979110158004486e-01
4.729070573019683366e+00 2.869469704044855241e-01
-3.497981699563911917e+00 -5.705481840173209918e+00
-1.392042898323159861e+00 -8.036164409145341025e+00
2.747828797245873034e+00 2.015601649416363550e+00
1.426614372383057550e+00 3.324893520798807067e+00
2.710393550422312892e+00 -6.420231392450660657e+00
4.772975460298284900e-01 -3.414235168171168233e+00
-4.993564077899873332e+00 3.942816497516785645e+00
-1.642532817530285016e-01 -2.630726835798331553e+00
-2.815094080387325892e+00 -9.679909793113804284e+00
7.465779542044411521e+00 1.691625801365870485e+00
-4.288125079331011946e+00 -3.105509148122277963e-01
3.818934541278782735e+00 2.799654696880053972e-01
-7.361674508189958388e+00 1.253072239590600923e+01
-3.563403364316728439e+00 1.666869513635949041e+00
2.416672041745884236e+00 4.456192917407127752e+00
-3.917984494819553909e+00 1.338911074775152699e+00
-4.394245084184822403e+00 1.235077520784900074e+00
8.293258880942060429e+00 1.925744111861912078e+00
-7.320339983747501833e+00 1.412629604847883469e+00
9.990167272049003344e+00 5.271746401199264298e+00
-9.982150103047363388e+00 -7.170984024786615230e+00
4.928667199775461860e+00 -4.030076150191812090e+00
1.173786186100876705e+00 -4.080181769264931702e-01
-2.247892365959860972e-01 -3.994097957682989364e+00
1.526992587936202073e+00 -1.064919150758740329e+01
7.779577717271510262e-02 3.419959177657734717e+00
7.063733759616839247e-01 3.671337180295685343e+00
-1.704026761741275209e+00 4.553826458774316022e-01
3.870632150199888599e+00 6.108369372774950179e+00
3.889997254864132614e+00 2.912271560626374378e-01
-4.874817021547611651e-01 2.724784174367966383e+00
3.742510524735632949e+00 3.501767217551132738e+00
-5.836724023716721277e+00 6.471647431204184953e-01
-1.043383041721345705e+01 5.274467677716424774e+00
-3.025265327795161774e+00 -1.010707648623547117e+00
-1.913542879583179035e+00 -2.374505941712510726e+00
-8.149056391557017776e+00 -1.510339675384980151e-01
2.461325658825712637e+00 -1.221086470464494589e+00
2.764365339002206490e+00 -8.177939859037566706e+00
9.695722972356108915e-01 -1.225094606957292775e+00
-1.237044182713071816e-01 5.391507883280181268e+00
1.087696931762087438e+01 5.302802772247722451e+00
-1.039065604213420713e+01 -3.422874060727993495e+00
6.173650807892184789e-01 -7.007836356720416937e+00
-3.449851478575929775e+00 1.528070103638588417e+00
5.642203176217604366e+00 -4.203273835004659453e+00
2.262294682546040381e+00 -2.966566597906234115e+00
4.323702945686624943e+00 -2.216081282859524659e+00
7.907727768359138487e-01 1.806757936531746989e+00
-7.779608860460461628e+00 -2.169543962673239790e+00
-4.321362513055559518e+00 6.637313911037137082e+00
2.917468857341866784e+00 -9.362586166209251104e+00
-2.067576611055925184e+01 1.180033787786689992e+01
-5.089416097370365044e+00 5.729827476491515803e-01
5.551551365715983621e+00 5.437923315916131095e+00
5.525904710304963885e+00 -5.121774085562893930e+00
-1.664324040608403443e+00 -2.118816775828322285e+00
3.772167665446847451e+00 -3.350977494896358433e+00
-2.376359137861244086e+00 -2.280094679230619537e-01
-1.376963854158561151e+00 7.749396611272473478e+00
5.306933033345958783e+00 5.653907596897379539e-01
-9.544179612964484583e-02 -2.888911253769370635e+00
3.566777365678077238e+00 3.665192943549199223e-01
-1.423084785880568193e+00 -3.842263151552052669e+00
