-6.927356685768678579e-01 -1.139770492638875199e+00
1.836183423463165765e+00 5.388812788667659559e-01
-8.316238211813726799e-01 -1.503568668692392807e+00
-7.615103971930357041e-01 7.566744405093079884e-01
1.462651662976096167e+00 1.466606985806073071e+00
-8.004821000032293909e-01 -8.016702689683712357e-01
1.404780200319929895e+00 4.564165936034607629e-01
1.000625509682522146e-01 -3.164054471718175665e-01
-3.405505731319352636e-01 -1.567085788443731476e+00
-3.069172707793077493e-01 -4.600744991910249992e-01
1.457756419631779099e-01 -3.905667407781703848e-01
-1.632294389136514035e+00 4.452206284051293261e-01
1.577968462367997260e+00 -2.549111846005506776e-01
-1.093651646534785082e-02 4.676553858724125656e-01
1.127618628549103663e+00 5.933113021569935697e-02
1.345901974993912731e+00 1.018693622078170380e+00
-8.595310729640134317e-01 -3.239643046638153168e-01
-1.330970110037460241e+00 -1.100407629955701960e+00
-1.427678275736589564e+00 -9.335124344538123231e-02
-2.318412820314648681e-01 6.163619517271923254e-01
2.748798434098406185e-01 -5.796725996409670678e-01
8.352289925498190826e-01 -1.374975068277328516e+00
-9.385227546168958476e-03 1.149718202251581306e-01
-1.772319624337389543e+00 8.685612868134811038e-01
1.598388837789186390e+00 -8.943851020116533324e-01
-3.184084468489897235e-01 1.893775478930054268e-01
4.490843558090684695e-01 -1.229021100342909678e-01
-1.157156698905055375e-01 -1.664841820940557326e+00
1.125992949795571629e+00 3.565814075783400594e-01
-1.395562823940024400e+00 -4.976519632420562528e-02
-1.683313113251177828e+00 -2.205647569170819111e-01
5.361152371126430838e-01 2.532756764149362905e+00
-1.793768636287196988e-02 1.219203726944691368e+00
-1.742936118410666646e+00 1.930148220065545095e-01
-2.324770073734184761e-01 -5.607811282586940838e-01
-3.693270373944300133e-01 -2.228760181042252486e-01
8.778010292455597219e-02 -1.074918933791702003e-01
-4.384277643246950462e-01 -7.844804445929041137e-01
1.547667358597288045e-01 1.129922141216338938e+00
2.291977767228812191e+00 -2.712822753050630809e+00
1.117529661985380951e+00 2.726323146957276844e-01
-2.050766469816737381e+00 -4.840213595385529921e-02
-2.120614044300263012e-01 1.985280451431890025e-01
5.939312811189376706e-01 -4.915492293908965693e-01
8.214856099497257480e-01 -8.144156312235642514e-02
6.663507834415377529e-02 -6.767691587735962244e-01
-1.553747121369436268e+00 1.532190485751600828e-01
4.160760815209496033e-01 -9.250199802106926494e-01
-5.628467855274525977e-01 7.329238542719712646e-01
-2.529131536797189383e+00 1.382551909897991482e+00
-2.900457198399185033e-01 3.935275831833028870e-01
1.278694820103846164e-01 -3.962267856518679743e-01
1.409366023000622636e+00 4.336039037329015300e-01
1.934594950216317888e-01 1.597263432454314014e+00
-2.826890843885005444e-01 1.064291526840654756e+00
-1.573595924408455637e+00 8.575186519760275017e-01
2.255191549231343054e-04 1.857675565421099462e+00
-9.776285161838522697e-01 5.552732008410092845e-01
-8.162008538661258417e-01 1.236968096329457589e+00
-1.017375705657337814e+00 -1.018648299940604796e+00
-2.187831827287968767e-01 1.596441771745628291e+00
4.756612285743885837e-01 1.750286210642818530e-01
1.906589918141459838e+00 -1.109996600449036253e+00
6.846851006922637095e-02 -4.916905414997870816e-01
2.137641604515337912e-01 3.935640005688977039e-02
1.750248320284728543e-01 6.685032541223954183e-01
2.083833092930192921e-01 -3.498129081512089678e-01
4.818111459038856292e-01 -8.696354507588893723e-01
-1.187313119002167516e+00 1.343846011343053037e+00
1.942201990560230129e+00 1.231006938127387373e+00
-1.012335505920446632e+00 -5.218723005543213223e-01
1.343945579599179707e+00 -9.095309346033791931e-01
1.409197112444778632e+00 -1.069011015827793676e+00
1.030644437473144104e-01 -2.376041946238726874e-03
7.201151933256793036e-01 -1.289349117511013887e-01
8.560528925654001808e-01 7.306434453637170590e-01
-9.145694160483943680e-01 -5.677926936241981526e-01
-4.058030815293885429e-01 4.849003798376699120e-02
-1.475055523954226899e+00 2.162416735195991924e-02
-9.402155437292043505e-01 -7.298969826316754617e-01
3.028503660008833309e-01 -4.844682449755656484e-02
-4.895534280296979374e-02 3.373535865166390479e-01
1.214036716962201723e+00 4.537379184742086347e-01
6.223936542147184836e-01 1.079422077765923138e+00
6.323159238433060381e-01 1.540047905873955125e+00
-5.489259103247082772e-01 -2.649793661480078777e-01
1.180784084343394769e+00 2.210691873357178761e+00
6.617517607834696447e-01 -1.470130540397361463e+00
9.668968716749427872e-02 4.569726049701626769e-01
-2.175849824971831104e-01 3.675430198404524562e-01
1.419889338644806154e+00 5.984046262915829750e-01
1.470619695418619310e-02 9.072190558899025925e-01
1.098898757236171475e+00 1.524978191946175121e+00
-2.093492267428598730e+00 2.669172837688175148e-01
-1.353450258227648195e+00 -1.028508621811718315e+00
8.629104206432988144e-01 -7.140065343556911692e-01
3.301531324978703719e-01 1.923452572699581697e+00
-4.050568838296775276e-01 -4.821836258637064443e-01
-9.836320742332255174e-01 -1.527343986099782835e+00
-3.384846219671480139e-01 -1.447304626479478440e+00
5.000000000000000000e+00 5.000000000000000000e+00
-5.000000000000000000e+00 -5.000000000000000000e+00
