5.991121853584183476e+00 5.346173903342635647e+00
6.518304007261376931e+00 5.285370769389024836e+00
3.639906346677965754e+00 4.016067842202195592e+00
5.139701695286177596e+00 6.816153534288377003e+00
4.231338466773020279e+00 5.989802104259577042e+00
3.800401884482801584e+00 5.487563099127545918e+00
7.056553074099722878e+00 7.370208640140318401e+00
5.167995592421630313e+00 5.332395537533959562e+00
4.074942261361574225e+00 3.578307376955642383e+00
7.033383564853275871e+00 3.458182846946856071e+00
5.747151447796630563e+00 6.004306460588067829e+00
5.004729116609476058e+00 5.481176689383063128e+00
3.931954713783914368e+00 5.549431591749069526e+00
4.948578300907731098e+00 4.606918345586978880e+00
5.600036888198986595e+00 6.047796975899049521e+00
7.307368929074616659e+00 5.027603669667908726e+00
5.893234648660140351e+00 5.166106747180813308e+00
6.446719401156290274e+00 4.615758951988749637e+00
6.486088394808621871e+00 5.672382931489938329e+00
4.101977561626931390e+00 5.421329401582478447e+00
4.525311824861171672e+00 5.240970806960275397e+00
4.926462939870583924e+00 3.629448330849819548e+00
5.318048286473358921e+00 6.451847439576601673e+00
4.676709217255621276e+00 4.179821237446594395e+00
5.304373451656737792e+00 5.251357188103778384e+00
4.197475389512772992e+00 4.516596569251086102e+00
5.040282423686642588e+00 6.687814360761848320e+00
5.240278039253746023e+00 2.549749989729865884e+00
4.262910989172800313e+00 4.634215723386197361e+00
5.455805237890551496e+00 3.671061647464512134e+00
4.462623053627378766e+00 5.540239666529735096e+00
5.202072301056623438e+00 4.768055663301204561e+00
5.754116537873176895e+00 5.774073924921010459e+00
4.047807588943346246e+00 4.477063536401715282e+00
5.440058079289631365e+00 7.255730884963508487e+00
3.615318043569227591e+00 3.839504091689881271e+00
4.805683678626656352e+00 5.631854548782703418e+00
6.069708970091590494e+00 7.206943839040810040e+00
6.221523310696645659e+00 5.804958486807707096e+00
4.136689506808429506e+00 5.990972024520640815e+00
4.540196926137523903e+00 4.803385533502724236e+00
5.040890042271148452e+00 6.260386994348415612e+00
5.953603252902771814e+00 5.508267372980104604e+00
4.761470489230410053e+00 4.659837302462809028e+00
4.237677613099909202e+00 6.079014619298243716e+00
5.253524815720487240e+00 5.568934427615478633e+00
3.846310611451575490e+00 4.515533018561260548e+00
5.503185182519044538e+00 6.891986299427550478e+00
4.688785577839205132e+00 6.034023835774966926e+00
4.719449316728704602e+00 4.711848260312477166e+00
3.784748002137784617e+00 5.802304658331582488e+00
3.452790239927484350e+00 5.425042930312616640e+00
4.740823031757348538e+00 4.466356694471716793e+00
4.849658392545471486e+00 5.768414085196738483e+00
6.192698973647578597e+00 5.346471076652088428e+00
4.798437275706186611e+00 5.470422562894166063e+00
4.638069770574213102e+00 4.348595216613165171e+00
4.756624743262999111e+00 7.381114425220299147e+00
3.192740176186363854e+00 4.702215819051914103e+00
5.636416572480667853e+00 6.078346462575021647e+00
5.940627269220929207e+00 4.727977076799083633e+00
5.105533693133737394e+00 6.759148571524277394e+00
5.068848681367917663e+00 4.042200498144571164e+00
3.756504329369335871e+00 5.188475385147346408e+00
4.189813569036519247e+00 4.524240312544227649e+00
3.586777506781084313e+00 4.306018567828092891e+00
6.073353236994647020e+00 5.505170825411163982e+00
3.649246525524795892e+00 5.210716082582685260e+00
3.540932973907389592e+00 4.741226203891991453e+00
6.724643589053441950e+00 3.987997460829372010e+00
3.980009577043610136e+00 3.835105314656404474e+00
5.356884085376480087e+00 4.568208377257831465e+00
4.491954292391584502e+00 4.785807075565670310e+00
4.753227635768158876e+00 5.569503718881246179e+00
3.699211407185553302e+00 3.408355103814499909e+00
5.503225661765338117e+00 7.155177625761127480e+00
4.471848455323862659e+00 3.728624412689753420e+00
3.492947489282134832e+00 6.042329332460416147e+00
3.771360321879764221e+00 3.972161425015778402e+00
5.219625911737476365e+00 6.284067032811521791e+00
4.674097416378976355e+00 4.337774326583870632e+00
5.643278542120937047e+00 5.606642817440910420e+00
5.851277550681500905e+00 5.022266156892190025e+00
4.881702148420156817e+00 4.230697557446874590e+00
5.216460673172193196e+00 5.671770933836794981e+00
4.357047440512612724e+00 4.414303410794764737e+00
3.593573906739112367e+00 5.611403274449211942e+00
4.391517909462699265e+00 5.284587504127714830e+00
6.184676508047076027e+00 4.540480151684689325e+00
6.130795684642130539e+00 5.177998548699719095e+00
4.179798797592065185e+00 4.843856669999471620e+00
5.389876520301358553e+00 4.840256250257876758e+00
4.623979609224524445e+00 4.603638109897317143e+00
7.225110465654576153e+00 4.513172434765536423e+00
4.564678795914057119e+00 4.719875003274678349e+00
3.042079092315942201e+00 5.699999415927171853e+00
5.892436951270726198e+00 3.665508577832533810e+00
5.327905747454401819e+00 7.524732297058740471e+00
4.001900495265195978e+00 5.142324638329791142e+00
4.504024951819001643e+00 4.444559003406218345e+00
6.376943310933672393e+00 4.405269380719413874e+00
4.381570965637742177e+00 6.214459135147779811e+00
3.381127704225587838e+00 5.623330260240416045e+00
5.635533381994512148e+00 5.016029985640051869e+00
3.614825845964408924e+00 4.626452930285028131e+00
6.367019698830758578e+00 5.759616407392281090e+00
6.728327759604905367e+00 4.881384738085181141e+00
5.418357086065007877e+00 3.074096955108055251e+00
5.479350408704363851e+00 3.348151718116415321e+00
5.000345157271426366e+00 4.852330815555938592e+00
4.757355960348005119e+00 4.922516313383439091e+00
6.518716461836836729e+00 4.799043852340683536e+00
3.748336242971109122e+00 4.140019055549688076e+00
7.881344544202293356e+00 3.811907555278263970e+00
6.343313240393766428e+00 5.929939212319556674e+00
3.302152148381156671e+00 6.396978315985865748e+00
5.857992262104326109e+00 5.036605908003217280e+00
1.497505873303026203e+00 6.159044183759803559e+00
5.356213079266652244e+00 4.450006970944911266e+00
5.234896814861589753e+00 4.642541785908862906e+00
5.302591425954496174e+00 4.681665319191097296e+00
6.578077567230826261e+00 4.554959718259612877e+00
5.410696043422533741e+00 6.338766700896412587e+00
6.064808023803442083e+00 7.809890517140953392e+00
2.522858459783632767e+00 5.956693857341644360e+00
4.587530955239719432e+00 5.031584529397052030e+00
6.117065835718614508e+00 3.141734627562975835e+00
4.886007631093816528e+00 4.827064973791157954e+00
5.958173253857840912e+00 3.673650473108159176e+00
4.593558228928585230e+00 7.031933190728860694e+00
5.256927736279829233e+00 4.862904767059719191e+00
5.114148726428436653e+00 4.210733181831233018e+00
3.514819788421640112e+00 6.375876093179199344e+00
4.647991112122512369e+00 5.267909236537446027e+00
4.772208224735352999e+00 5.279908540851601551e+00
4.599914775826388080e+00 4.963997162607304503e+00
6.639980125142740164e+00 4.746021695120735018e+00
3.859970195734222731e+00 4.508359946364885573e+00
5.556093123463307748e+00 4.682944938192994400e+00
5.305329419993745965e+00 4.473581143369649737e+00
4.010422731449054368e+00 5.153915070486736916e+00
3.940618011353744343e+00 5.857935045721183620e+00
4.746323613039304057e+00 5.357741294942648835e+00
5.731252413681707125e+00 4.280837663114431813e+00
4.872545854412454247e+00 5.727125437795605123e+00
4.783209758443902615e+00 3.837809727485510081e+00
5.972673019443167419e+00 5.800010244474226972e+00
4.415519030317689442e+00 6.021507440624076501e+00
6.053995639366576142e+00 4.671467751942027569e+00
3.810707657493560330e+00 2.613492347812133243e+00
4.908403348646515063e+00 -5.510444088551836650e+00
5.428307902935836537e+00 -4.629802361043323877e+00
4.211729437740173942e+00 -4.871057206570682752e+00
4.741678708301209078e+00 -5.750447499754409719e+00
4.789968342169431459e+00 -4.540967402080951842e+00
4.882950378460380492e+00 -5.359619412019704932e+00
4.779858523412467086e+00 -4.460934104809352263e+00
4.876094183648882918e+00 -5.263380331774265564e+00
4.476372088830876450e+00 -4.344360419865616052e+00
3.774628616399406056e+00 -5.884330256524003211e+00
5.970008310985980948e+00 -5.169479371704628790e+00
4.551594232803248374e+00 -4.221766801324544183e+00
5.136487775780924636e+00 -4.816138121293125351e+00
4.788901839798317184e+00 -5.392437433863013219e+00
4.073033784999946505e+00 -4.807362034381243987e+00
5.180991049626744172e+00 -4.802508780905927921e+00
4.070126022378342867e+00 -5.854336690147786904e+00
4.922420934637147028e+00 -5.600857206981761038e+00
5.143862658774409624e+00 -5.468221656556319310e+00
4.840695514085013862e+00 -4.987365903591205907e+00
5.216760523794059523e+00 -5.395842546021901498e+00
5.029132835912577981e+00 -5.643746322120959391e+00
5.085941241618480824e+00 -5.442908176431781264e+00
4.762304192014857662e+00 -4.993619523525849146e+00
5.052138831463961921e+00 -5.748851821646961291e+00
5.393365236493313120e+00 -5.955434102657786610e+00
4.858851780571836976e+00 -4.760166737238226808e+00
4.552799646579043014e+00 -4.837056020653758281e+00
4.862894592658188131e+00 -5.031673908213501356e+00
4.794085413833891529e+00 -4.142340139948823108e+00
5.103598444233305109e+00 -6.378700606114597882e+00
4.391105111919368476e+00 -5.318361789820733598e+00
4.840689567026697837e+00 -5.548196481303482308e+00
4.614981214406463472e+00 -4.503813011681312872e+00
4.978941985841886186e+00 -5.458583084292544463e+00
5.101880161928142421e+00 -4.501043773746966181e+00
5.790375758135872353e+00 -5.162995625924116538e+00
4.499745496135629352e+00 -5.605126755812981365e+00
5.070887690829679606e+00 -4.872357437066835217e+00
5.331103378895850398e+00 -4.892943139945254316e+00
4.869736403393316593e+00 -5.021393479074571786e+00
5.625464293834344431e+00 -4.498283939818739086e+00
3.895073152139720385e+00 -5.316680052161538050e+00
4.719564593944492792e+00 -4.504747137692487691e+00
5.026446832458765890e+00 -4.928138970989345502e+00
4.569026543473611923e+00 -4.403054692461737751e+00
5.713564869237304222e+00 -5.094781425002186559e+00
4.898903992876713076e+00 -5.502386088391743257e+00
5.247252709157649520e+00 -5.368593284814430433e+00
5.220290747762005523e+00 -5.417269298076770490e+00
-4.953352697758344192e+00 6.698628540972251244e+00
-2.891614249133929615e+00 4.268316549285890105e+00
-4.747913148761100821e+00 5.452763845140688126e+00
-5.353450064385589791e+00 3.838669340851552647e+00
-6.858713078520317197e+00 2.668891920403849927e+00
-7.294341920727860362e+00 6.651241971373211825e+00
-6.625151159787957766e+00 5.496885916535953598e+00
-4.257101734968064655e+00 5.915175269094766541e+00
-3.004119369865795974e+00 5.504018679878736720e+00
-4.514837150706636493e+00 6.724440954383800850e+00
-3.831209413698207999e+00 4.035816400325714426e+00
-5.582664285222773692e+00 5.685822941683943199e+00
-5.618364414062820167e+00 5.032398977649644500e+00
-4.383907512128808470e+00 3.781228247623946714e+00
-4.981520178619994965e+00 4.254023224504754452e+00
-5.703794959325544589e+00 4.204509048950154870e+00
-5.981112253950159996e+00 4.645801833163065275e+00
-5.064317203065416884e+00 4.168894046849906942e+00
-6.236861642263100691e+00 4.580607195488489936e+00
-2.514295088918379051e+00 6.338771235111428481e+00
-5.165398593805416105e+00 5.116531004717118414e+00
-6.209832429373930651e+00 3.886537738337136894e+00
-5.156895706235727239e+00 5.584956673057682508e+00
-3.783790254063400305e+00 5.121242558263834788e+00
-4.582725989194853966e+00 6.316943160933806922e+00
-4.864776280370326944e+00 3.193663131697688673e+00
-5.495441073321262415e+00 5.064593914849253586e+00
-5.525314861328599392e+00 5.083238673747216829e+00
-5.933743124809882197e+00 3.805856064674861372e+00
-3.592064820932803659e+00 5.743685978531390290e+00
-4.589654542917158686e+00 5.805495069619854398e+00
-5.478388351136488588e+00 3.812531708213509063e+00
-2.839957264668957038e+00 4.960955074284620459e+00
-4.742251725655089345e+00 4.839401043218077625e+00
-5.345768080964767854e+00 6.249436332566345342e+00
-5.705292493331684867e+00 4.955954176205303874e+00
-4.044969375810977930e+00 4.693101458489950417e+00
-4.865761401677688447e+00 4.354431699505807885e+00
-6.072510623237666216e+00 5.351787791817550932e+00
-1.326467737876987130e+00 4.300962888442777299e+00
-4.042036606636976614e+00 5.031228697700667496e+00
-6.342967512266118213e+00 4.139662302312241415e+00
-5.959447548678753037e+00 6.445816581550408486e+00
-5.074390091212816145e+00 4.535428420943523165e+00
-6.763357810987527863e+00 5.878547500196665609e+00
-5.061803471725108139e+00 4.529751523242421918e+00
-4.108098535046130095e+00 4.760185115318849469e+00
-5.694561706472380358e+00 4.198152212867755750e+00
-5.270577512393849418e+00 6.280856384339390530e+00
-4.470689410127112851e+00 6.023613571730091820e+00
-5.384539811586463109e+00 4.635630363082631433e+00
-5.263119727688522431e+00 6.416077073092874450e+00
-4.268807299470104510e+00 5.216813111583835649e+00
-6.227581956257393969e+00 3.365791128360348772e+00
-5.255639498981331315e+00 6.510741985444253643e+00
-5.804021962007639424e+00 5.696046054942558889e+00
-2.998116781773593864e+00 4.955795837955583316e+00
-5.051456713005626042e+00 5.475318475611835822e+00
-5.142470740831508458e+00 4.413450586451342694e+00
-3.678820616456397907e+00 4.874300591218490020e+00
-4.354616452496533618e+00 6.399209705629635536e+00
-5.027085622140864629e+00 4.665310168086367781e+00
-4.200397010819932220e+00 5.348786243666781459e+00
-6.100590543888396944e+00 5.377926264690312763e+00
-5.593332643702755291e+00 5.288618664334025610e+00
-5.244491400886765575e+00 5.421111518796541517e+00
-5.239443584223383077e+00 5.334806869586062206e+00
-4.819193113667919803e+00 5.918791464612739972e+00
-4.830821388535094130e+00 4.892343909308310757e+00
-4.707172693529797058e+00 6.412140396115011853e+00
-4.597193179311816813e+00 4.118705078954278065e+00
-3.746032567559280491e+00 6.763159605691576814e+00
-5.086191298862355659e+00 5.090586656279212363e+00
-4.385859171203934537e+00 6.487099502808264972e+00
-5.390279946418109702e+00 4.197254370741555718e+00
-4.311272069266239626e+00 5.478412948887162237e+00
-5.173660535738798139e+00 5.783185940613967624e+00
-5.946779684586097403e+00 5.289993761562145735e+00
-4.426587571738881621e+00 4.827249137945662127e+00
-5.275481088372928618e+00 6.019879966365688340e+00
-3.590650589684243776e+00 5.932165247268285313e+00
-2.974154732604010309e+00 4.193342557141445326e+00
-5.675877478376001761e+00 5.981397574762572944e+00
-4.239122323912560830e+00 5.905453725382849406e+00
-5.830728368945472084e+00 5.805511199748581319e+00
-3.444529339417012448e+00 5.270710577891389192e+00
-4.870877934614030735e+00 4.079090919198145926e+00
-3.261714471349326683e+00 4.657789777667274755e+00
-6.506409960516524649e+00 6.224000522302011618e+00
-4.364863493468789102e+00 5.603790971591616987e+00
-5.056800278212128852e+00 4.045581121072643782e+00
-4.277951793318910845e+00 5.313967378703789990e+00
-4.756766145049931005e+00 4.275074693645857238e+00
-5.788238466889250589e+00 3.793021938018378059e+00
-5.440323454266354553e+00 5.140112266418361386e+00
-7.009532614373039650e+00 3.498068532999649705e+00
-3.872788398955221201e+00 4.895594585848518143e+00
-6.369878935205395720e+00 5.551917716713953510e+00
-3.348734993631993007e+00 5.034259477850667075e+00
-5.075581761837346662e+00 4.148622127002195903e+00
