4.165393178647754269e+00 4.136337163006672313e+00
6.491726120882731266e+00 6.066472673126178883e+00
5.237043394916367056e+00 6.115517257674945029e+00
4.502628004221666203e+00 3.954110334967277041e+00
4.999213297286393853e+00 6.063735126712102463e+00
3.232862839832927548e+00 5.109301636855065887e+00
5.293332056375898986e+00 5.103725569713616572e+00
5.375801127010385372e+00 3.590560078556090495e+00
4.286562953177725177e+00 4.197451499516771989e+00
4.754057582609229726e+00 3.812493629766716907e+00
5.085190771222397821e+00 5.259978298659261142e+00
5.837694467107750640e+00 5.769553828975261922e+00
4.906913253880071935e+00 5.362868988946711823e+00
5.294744088106014601e+00 4.991870125828400617e+00
5.508933199352562760e+00 6.072719526479330554e+00
3.821852588215267410e+00 7.024572079621533405e+00
5.463749804340195304e+00 4.747531135109767320e+00
5.185764952652297310e+00 4.814564718607847738e+00
5.173106306316352487e+00 4.078602999569632459e+00
5.862658410421482280e+00 3.003232294238806332e+00
2.392743986443436111e+00 6.147363628458508700e+00
5.602251596285533708e+00 6.528428105717844154e+00
5.858766337433447546e+00 5.789093908448260883e+00
5.710048049143374271e+00 4.230916308792425085e+00
5.885276722738177035e+00 6.065538463775796529e+00
5.749596484903307214e+00 4.213773848394371413e+00
5.800085693592421876e+00 4.755897967409686622e+00
6.161144250532359479e+00 3.962413988136149534e+00
4.762377607467978891e+00 5.156205521497167155e+00
5.227185353248536615e+00 4.003179374127602941e+00
5.339629414526291029e+00 6.061846398682684267e+00
4.796089957473951948e+00 3.959106052404979259e+00
5.080282695817918359e+00 3.959914058946015114e+00
3.979976613708193778e+00 4.647909860908658430e+00
3.015505255432867848e+00 5.685738495052500063e+00
5.967182034503659693e+00 5.538308380776361339e+00
3.858344055844697529e+00 6.082936905404565664e+00
3.859338623435283999e+00 5.366816027619463192e+00
6.376025118967037386e+00 5.716775573122706788e+00
4.409972097028452609e+00 4.318251556241692768e+00
5.837698060223644347e+00 5.265284716523411568e+00
4.234476974516619308e+00 5.969571641216639968e+00
4.236304415487711417e+00 5.682985432932137648e+00
4.728856196074939788e+00 5.763219082744661215e+00
4.714003975494303944e+00 6.067303875002018287e+00
4.177361535404044091e+00 4.703189183241256899e+00
4.736888273068277755e+00 5.191686640554545207e+00
4.179476684929879227e+00 4.143584898063748412e+00
3.910105673700430717e+00 4.167444900067973634e+00
5.041012511643272909e+00 6.674568977083465526e+00
4.526781948503307618e+00 4.835017001906333434e+00
2.532648402917455410e+00 7.275168666288626795e+00
3.982106640751126747e+00 4.041182662125113012e+00
4.203332987807955057e+00 5.099539470741152769e+00
5.291071078251762039e+00 6.651631936557185654e+00
5.188435053469150127e+00 5.141696616231943295e+00
3.250460289575324513e+00 5.030830138246364491e+00
5.553227489911875203e+00 5.390562401407532178e+00
6.942342396832377638e+00 4.542727627945386537e+00
4.279146524013528463e+00 4.186029249777235783e+00
5.994640059563783652e+00 6.696504884963434989e+00
4.720419326921321712e+00 4.256656406525416436e+00
3.995426718180993042e+00 5.648575085589261136e+00
5.150269839358542434e+00 6.733974082855941568e+00
3.948343667096883891e+00 5.402095731190620143e+00
6.426874167302170093e+00 4.035582418717583053e+00
4.702748109782887376e+00 5.859335637912495010e+00
6.331154861903533160e+00 4.054897679323675064e+00
5.737888418257419687e+00 4.982824677755733234e+00
5.731660359872277510e+00 5.422549258359694591e+00
5.512415336298299273e+00 4.984697340111292618e+00
5.901015404672183884e+00 4.012538047751449177e+00
5.514382185767868094e+00 6.704594721108287025e+00
6.265432093612398390e+00 3.957299500106237211e+00
5.541405028932516963e+00 5.074370815914328148e+00
6.293471573053454726e+00 6.439653700458661589e+00
5.035898390637302491e+00 4.278587581451700039e+00
4.930429096834988201e+00 5.272696414208278171e+00
4.437334732887793010e+00 4.151626130538655701e+00
2.458969199233676406e+00 3.105270207181337838e+00
5.053471842068134379e+00 6.488690886223283272e+00
5.461040912054915708e+00 5.105730037797983734e+00
5.662264089184472660e+00 4.135069690668657927e+00
2.497339782445018308e+00 5.895710208169539612e+00
6.117160695042647589e+00 4.381366686506140695e+00
4.509232827145836175e+00 6.545297345952493906e+00
5.293423615586141828e+00 4.571944562669852274e+00
5.072061939936102881e+00 4.874418556322769547e+00
4.370905782622140023e+00 4.178023272307322955e+00
4.982007434453714190e+00 5.350302963315535010e+00
2.803022481769364749e+00 4.221064030669289480e+00
5.511246636865571702e+00 6.724191869540227628e+00
5.978785373601987807e+00 4.606742991243768515e+00
4.871076605356742029e+00 3.340074413706691558e+00
6.126336262217318307e+00 4.939681425003672466e+00
7.606912137269675966e+00 3.700861775970675005e+00
5.124060072754837769e+00 4.942585705045407174e+00
3.801869698538948406e+00 3.351505166048868389e+00
5.465987387845037127e+00 5.537331739614962167e+00
4.967142374872354438e+00 6.081243087587395735e+00
4.310233693262790489e+00 5.635301389421739415e+00
4.569971472627071485e+00 5.759395926239840868e+00
5.111641903301699763e+00 4.826002629841595670e+00
4.644616202774943581e+00 5.905787759032066653e+00
3.770631727023790791e+00 4.048657886123670835e+00
4.949871446787880380e+00 2.284058996562229549e+00
5.592430375730137015e+00 4.133158358335649041e+00
3.810498244950898172e+00 5.549622106681450617e+00
4.148819473139229608e+00 4.103878209498198260e+00
5.534744650640627484e+00 5.045632077373346291e+00
4.218986841900750129e+00 5.540874133315830896e+00
6.151450833562245535e+00 6.642271791371269885e+00
4.615814234599262100e+00 5.741627888317016648e+00
5.610660938090540562e+00 4.490279598737809685e+00
4.536868808603334635e+00 6.279620758232668187e+00
4.214962142381668109e+00 6.481114919806446828e+00
3.787346658854736425e+00 2.602375409245144766e+00
5.197989830648813481e+00 7.154210421789099605e+00
4.831822130889861455e+00 5.870985337389096337e+00
4.841233201731650837e+00 4.721866690597956051e+00
4.843643616728352086e+00 4.663000158490120839e+00
4.633580281992487393e+00 5.254686598019804755e+00
4.497181128338942457e+00 6.241094473172710266e+00
5.498546082115030487e+00 6.141355733748009804e+00
5.202868262078346184e+00 4.632051884244257955e+00
6.870906196728787663e+00 5.929459476327003209e+00
6.735788822944877907e+00 5.594836481250312410e+00
5.881010870853930150e+00 4.227021958745074137e+00
5.415512617695270592e+00 5.909322597620791484e+00
2.394935223200311381e+00 4.456376968227479196e+00
3.317410337783916585e+00 6.299369235562197744e+00
4.390429311115412681e+00 4.477431114245936428e+00
5.046965605298930235e+00 7.312287983202510944e+00
4.583558296178384062e+00 3.265619072703427328e+00
5.374613917060458768e+00 5.474370505380400154e+00
5.937790707087641451e+00 2.273686705259958973e+00
5.809192295162182162e+00 6.272259569237121468e+00
4.184155724672192100e+00 5.484433979184819563e+00
4.649881278910347859e+00 5.757319106520513152e+00
6.780443382637648675e+00 5.596607037497490111e+00
4.839588065745858536e+00 4.089892568132699857e+00
5.180316614372118877e+00 5.604507663025950492e+00
4.293973614840917108e+00 5.625703184902307363e+00
3.522265551980993337e+00 4.550556761210557966e+00
2.651214904286350205e+00 4.340788544042756492e+00
3.210922855266995057e+00 4.217924939874582613e+00
4.826395518782088168e+00 5.597103556662086810e+00
5.897766061586438013e+00 4.851688939072261064e+00
4.006785659871471950e+00 5.043085211889283492e+00
6.413737326457291665e+00 6.738365164625470527e+00
5.701841130024634552e+00 -4.764388942913243774e+00
5.696541170064147508e+00 -4.590083642238838024e+00
4.785303339750579532e+00 -4.812960434884637984e+00
3.966684991885129463e+00 -3.501595475551368963e+00
4.702104452828501202e+00 -4.583866661576145418e+00
5.080170231380695789e+00 -4.848770516577963541e+00
5.559770064183404692e+00 -5.198496249395097024e+00
5.442244258399782986e+00 -5.502643578899309773e+00
5.022136613855670007e+00 -5.536036526925852463e+00
4.293318331138721966e+00 -5.503175166126061946e+00
4.919156556442666250e+00 -5.038834106755190057e+00
5.009748958129198293e+00 -5.364621121166335271e+00
4.904904385228329389e+00 -4.185877334398013794e+00
5.216571765247254966e+00 -4.980126652431557943e+00
5.571409923725894053e+00 -5.381692069373817944e+00
5.448521814226818805e+00 -5.351038490738772246e+00
5.646319491097206544e+00 -5.598026855867689555e+00
5.057135316177689965e+00 -5.226344849889074773e+00
5.313323807650485620e+00 -5.643066500575568689e+00
5.024897286421347253e+00 -5.216112072871558425e+00
5.315455332804926769e+00 -4.737528268635730733e+00
5.419748586239071741e+00 -5.378394038266125499e+00
5.173185164705143002e+00 -4.551280063305570778e+00
4.938195306012763908e+00 -5.697118874078291206e+00
5.918787385125286349e+00 -4.261425598768413536e+00
4.633512975742559270e+00 -4.910943069096653346e+00
4.863146354436550745e+00 -4.174305090636628357e+00
4.638828673740085229e+00 -5.589644687477473894e+00
4.220443391392187493e+00 -6.154500170688119276e+00
5.171111528099186394e+00 -4.389538521561712869e+00
5.007775168521925835e+00 -5.209175593706045326e+00
5.143122397657918121e+00 -4.989206659852888137e+00
4.795853913041081107e+00 -4.958314759970718022e+00
4.556258474529730762e+00 -4.093690601087798697e+00
5.424816967200172257e+00 -5.063718764551138563e+00
4.243553478619475960e+00 -6.151151841544130860e+00
4.568288147220501472e+00 -4.493358852550598748e+00
5.513278535463112640e+00 -5.266699199717210789e+00
4.950890039168651668e+00 -5.599740381710620163e+00
3.946198102893208048e+00 -5.611323442926432925e+00
5.303654935811489501e+00 -4.435975565044740776e+00
5.140565023052515059e+00 -5.420651384512478188e+00
4.447505871434832336e+00 -5.284090634782660167e+00
4.955278216966885196e+00 -5.542052124175826933e+00
4.382969173725054013e+00 -4.793014211203071362e+00
4.342748663029690093e+00 -4.852006674388146479e+00
4.846069438871062118e+00 -5.469919848636652482e+00
5.077474805417478976e+00 -4.816153893113057194e+00
5.535060093113983726e+00 -4.821253352420202809e+00
4.553258720533976067e+00 -4.754785433710358333e+00
-4.947794216406328438e+00 5.581586876573598310e+00
-4.793719683479556792e+00 5.493780957938082743e+00
-5.057452127918683260e+00 5.337094772742941196e+00
-3.687989251620266806e+00 7.047432839977133767e+00
-5.561266638000400775e+00 5.378901402504876472e+00
-5.211479547864480644e+00 5.098412555798729429e+00
-5.528340030236424063e+00 7.446171711125232129e+00
-5.746037576697021976e+00 5.547387537881689035e+00
-4.279667564314390660e+00 6.379944854848825564e+00
-4.236505186544288648e+00 4.369194743884798449e+00
-6.280665411765056660e+00 5.834735574414218640e+00
-5.161008794486052764e+00 6.067283683681790052e+00
-5.247402287552764832e+00 2.522839528734693193e+00
-3.918927194500986921e+00 4.225789981618402358e+00
-6.181258609703075280e+00 3.801928289800055705e+00
-6.410821981996597252e+00 3.921636932794623220e+00
-5.813029917934193769e+00 5.216081362524769283e+00
-5.533553836393835468e+00 5.720765931290701545e+00
-6.634781768643583710e+00 4.955566274878578703e+00
-4.730099809137975342e+00 4.895211873972056260e+00
-4.992679661374049616e+00 6.223685808081752313e+00
-5.742891584171934127e+00 4.123619748279741870e+00
-5.128947128358966268e+00 3.970525768665652322e+00
-5.569370498799491642e+00 5.581127041352957008e+00
-5.167224648776802098e+00 4.153623136003434801e+00
-6.033140518300557531e+00 6.067943958637265212e+00
-5.372481789992740175e+00 5.057803494803970956e+00
-5.243739089291794997e+00 3.921782617604476773e+00
-4.343914209222516476e+00 4.319402916792077107e+00
-6.644715655237791729e+00 4.802553537666234718e+00
-5.352210268410838800e+00 6.840422639154908779e+00
-5.004661573795060825e+00 5.208900914066608046e+00
-5.630980106504905436e+00 5.915587717248407706e+00
-5.053497653244430232e+00 4.286231870315156733e+00
-5.317844148061115384e+00 4.916179201886055061e+00
-6.509011496923802653e+00 3.913014332340873036e+00
-5.296458240256008310e+00 5.561028764544772685e+00
-6.115091381452352870e+00 5.192420897112838496e+00
-6.068476539748773213e+00 4.527143120044736513e+00
-4.457116456205901578e+00 6.708972121449871651e+00
-5.149673880412860782e+00 5.392124295875072804e+00
-5.421713458136888875e+00 5.793648416740382778e+00
-6.140631852040140615e+00 4.693345124873828489e+00
-4.977383360867555950e+00 5.597531819999293390e+00
-5.536272221329765486e+00 5.757194511228466816e+00
-5.388070958254673748e+00 6.337919570142372727e+00
-5.163733999908371786e+00 2.251574391957544385e+00
-4.036724567868627211e+00 5.265790705288239337e+00
-6.274736324222580208e+00 3.361514677371983062e+00
-3.241644623577279560e+00 4.541538663721177649e+00
-5.535590943912103157e+00 4.858919168867300797e+00
-3.779777499459886059e+00 6.333602369546695421e+00
-4.093412168741519253e+00 5.583804100315493457e+00
-4.577331028469948215e+00 5.575731284577216229e+00
-4.621829264133595849e+00 4.843184998364173488e+00
-3.820859337996154625e+00 6.564775922677227094e+00
-3.012912697309283683e+00 4.099009092317079883e+00
-6.905257754683280957e+00 3.937826196304795801e+00
-5.575775278037289340e+00 5.607851164055405846e+00
-6.270370840611061425e+00 6.456952876414442599e+00
-3.681088866421233341e+00 3.993413701510879044e+00
-4.841057940598639142e+00 4.819351949423817061e+00
-4.956606025995307085e+00 7.189890823940023878e+00
-3.917204396720306292e+00 4.390251978909988750e+00
-2.909285186801791934e+00 4.538577003770686957e+00
-4.128052189495016400e+00 5.196096046598634999e+00
-5.039151021779046502e+00 6.245975365874024909e+00
-4.957245229566599853e+00 5.259576337693645520e+00
-4.829343379019406690e+00 5.397620044837673881e+00
-4.979299793928718465e+00 4.922959651505074419e+00
-4.329839269072394359e+00 7.172896929743048489e+00
-4.755087611802627734e+00 5.590965113496863204e+00
-4.129737477794735767e+00 4.379440700586408219e+00
-3.652007639578493059e+00 3.338539353278376698e+00
-3.300495188657026624e+00 4.908059617014003173e+00
-4.271840407632274683e+00 5.463184942520738829e+00
-4.227320464541587164e+00 4.567163696854385613e+00
-3.597216090242462805e+00 4.395439982269592427e+00
-4.765294197276017663e+00 6.109968126674529820e+00
-4.185715580233463129e+00 4.888305036709229334e+00
-3.405676530386333667e+00 3.468180039198998976e+00
-6.196563980576244468e+00 5.499566619705650083e+00
-6.552403342374870654e+00 5.877936541967157424e+00
-6.523645232827102625e+00 4.212083993727985920e+00
-4.347563932643324414e+00 5.146124537283143674e+00
-4.349211795674222003e+00 3.338964273265549565e+00
-7.343683077865806652e+00 8.233868306070553089e+00
-6.950290804289717350e+00 3.791635138035267971e+00
-5.173267746884160800e+00 4.026591158213054022e+00
-4.462154203602295865e+00 5.707437950022629991e+00
-6.938094179843266929e+00 6.422595626253642997e+00
-4.029260646822320879e+00 4.616999691007968032e+00
-6.766496475757605822e+00 5.436878222504615721e+00
-3.948488107855496310e+00 5.622515673195811914e+00
-4.419930962132946561e+00 4.215431880531078868e+00
-4.807823260489532124e+00 4.135251211896189716e+00
-6.065616647309843401e+00 5.076186071655161669e+00
-6.543942731448600725e+00 4.764163407041721143e+00
-6.205989612750142825e+00 4.007271595014056054e+00
-4.445848237743998510e+00 5.360298551449782956e+00
-3.410632687417352482e+00 -4.681819920152162418e+00
-6.525263869359214652e+00 -6.754913288186937592e+00
-5.793902411122846985e+00 -4.476949283264797685e+00
-5.841441888127025805e+00 -5.816407893200763013e+00
-5.650460762642582679e+00 -5.591347680355643668e+00
-5.831624746889778166e+00 -5.655010001722651225e+00
-4.311738362125389301e+00 -4.612391752401921785e+00
-3.850217293307497624e+00 -4.185221594222826802e+00
-4.768143538478714305e+00 -4.297557612428422935e+00
-4.165537479382065200e+00 -4.601745743670229594e+00
-4.880399332888631925e+00 -4.616881842974502881e+00
-5.652246276737632691e+00 -5.613448403145860688e+00
-5.175438353323602136e+00 -4.460213965207945996e+00
-5.145352190272271642e+00 -5.320927100966446943e+00
-5.664878117120849765e+00 -5.603370799733554897e+00
-6.064007983238671962e+00 -5.353740954706173838e+00
-4.318978924838413391e+00 -6.436277653813770705e+00
-5.921156286273973279e+00 -4.423611261732768085e+00
-4.886299138745647141e+00 -5.876541799613068662e+00
-4.532261341788881737e+00 -6.295658691276863728e+00
-5.547575364432734801e+00 -5.199776150622806625e+00
-5.608301370015548848e+00 -5.786314221607074870e+00
-5.038765996490798926e+00 -4.830181401432332322e+00
-5.270780561103242334e+00 -4.419690326871201336e+00
-6.002583738058031138e+00 -5.004180766129331381e+00
-4.563622859122797415e+00 -4.919330173603898793e+00
-5.896497639892749554e+00 -5.374383666769293022e+00
-4.726207433178197803e+00 -5.366483619462862897e+00
-3.815124844254666137e+00 -5.721659200253851552e+00
-5.612323421541420387e+00 -5.490588666329798251e+00
-5.176165975517602824e+00 -4.082670999489359964e+00
-5.353451678725174467e+00 -4.914235550716993473e+00
-5.973506493354461711e+00 -5.535484204704730793e+00
-4.165714637232908579e+00 -5.594023760857736782e+00
-3.714192840870042644e+00 -5.278154219021869764e+00
-4.547824728560873275e+00 -4.397963007140957004e+00
-5.395032663160411524e+00 -5.718875537635133455e+00
-4.369476918067842774e+00 -4.939709580266506528e+00
-5.921025068423796611e+00 -6.190917899033310690e+00
-5.397619364538001285e+00 -3.971118721904416393e+00
-4.275633923203582931e+00 -5.724337310482878749e+00
-3.429758166018302745e+00 -5.579283148472390153e+00
-4.918784012137866313e+00 -4.812797289797732248e+00
-4.996485975584305628e+00 -4.171053807188130236e+00
-3.871396839145928581e+00 -4.619388224086957706e+00
-5.687043129797194396e+00 -4.718726161020216914e+00
-5.012624801900035898e+00 -5.297978962326281405e+00
-5.624217281664813051e+00 -6.381016588058029626e+00
-4.496666054417774561e+00 -4.356243331691722176e+00
-6.193845129978861941e+00 -4.176740198029534668e+00
-5.946396978382816334e-01 4.444562141811077893e+00
3.170237236123052416e-01 -1.467792302970341467e+00
-1.489130755641700166e+00 -1.616456136875903393e+00
4.120308137494767209e+00 -1.402847852775909843e+00
-8.828649954049282655e+00 -9.739441081290774349e+00
-4.423018421535497957e+00 -2.023351556985265809e+00
-6.714291102143561396e+00 -5.539131945951707853e-02
-2.888952675009052840e+00 -4.813994991429468406e+00
9.705354125449508373e+00 7.496594997252609360e+00
7.867812513074393443e+00 -3.912603953460372264e+00
1.539343453261181605e+00 -2.343709779940524207e+00
1.214032972991113457e+00 -5.925169591085293064e+00
-2.013632917607836692e+00 2.702171569110054516e+00
-3.691138939894059057e+00 2.001133204723283932e+00
-3.992420671941843135e+00 -3.104567352195901631e+00
-1.598921316964733208e+01 -2.877214311985451189e+00
7.578938808056109089e+00 -6.028478189168723134e+00
-6.991268934976094584e+00 4.039874590241822716e+00
-2.650832800900302932e-01 -3.775022757310115384e+00
7.439649241981898697e+00 -2.790775020098879455e+00
-2.356780387227486173e-01 9.880689788298248288e+00
-1.289092802907229718e+00 1.940001744752997359e+00
-1.603930119666607812e-01 -1.086704544803310668e+01
-7.983363046638001226e-01 8.235605299872464258e+00
9.345029670972436975e+00 1.135685054340745914e+01
-7.782690972575822208e+00 1.602618283378980157e+00
-6.364411183129500493e+00 -5.956718689551327994e-01
-9.654281723889640565e-01 7.282787881223936388e+00
3.803667890915120253e+00 7.285270914550653565e+00
3.136527941930304930e-01 3.936133876016997490e+00
-3.862501924018361121e-01 5.290028498173972027e-01
2.126121949939539402e+00 -7.018171750477053550e+00
-1.849513750805832579e+00 -4.764190925553895894e+00
4.651789627040647801e+00 1.987646352992524790e+00
5.822600394290957659e+00 -1.071483703269530352e+00
-2.211620896194796959e-01 -4.774387371808893832e+00
-5.183241744366852366e+00 -5.487970707094839362e+00
-4.795247446883420750e+00 6.733159354452153522e+00
-3.605435559938694023e+00 3.501629195576346554e+00
8.653828492141764084e-01 -1.815477806903963653e+00
-5.086534659863485075e+00 -5.875172924684948228e+00
-5.287766496579683562e+00 8.040411034161948578e+00
6.408193129722681292e+00 9.758134824594396406e+00
1.271088852706323991e+01 -8.106797709613593472e-01
-4.250494521510328916e+00 -4.712343912155895431e+00
-3.600102832351455895e+00 8.699978506480356089e+00
-4.465353950858970578e+00 -3.697056469715524596e+00
-4.629090773217330756e+00 -5.782578677015032476e+00
4.827385880520846939e+00 -4.697111650557475926e+00
-5.707266104446793165e+00 9.635217780654310005e+00
3.417097655073312978e+00 2.263019154426937796e+00
4.852712766395777422e+00 -7.943185441790856505e-01
-8.612060773184775364e-01 6.224474281680441479e+00
2.911918261378537487e+00 -4.125336011584961327e+00
-2.818635200924309192e+00 2.473959941378809813e+00
-1.009256879966403275e+01 4.579388267878026220e+00
4.981669815051997574e+00 -1.889005461793343277e-01
-3.426210448082791515e+00 -1.314554977926994717e+00
4.721308198915621368e+00 -7.775815399963694752e+00
4.803635100472831709e+00 4.043052074735062895e-01
-5.977708587670037543e-01 5.149291524093140282e+00
3.860105216570657749e+00 1.920356657087097796e+00
2.575799787259722695e+00 1.439904920938181121e+00
3.253189960312827811e+00 2.264050157870535873e+00
-9.712594538284489154e-01 2.502178001917567673e+00
-6.397492586815291205e+00 -1.264093081062520385e+00
5.707821285399595546e+00 -1.151632229201382751e+00
1.170629425139119384e+01 3.319170869603940588e+00
-2.914837222808786432e+00 1.806968315139704462e+00
-2.048600467810722581e+00 -4.998786263845599542e+00
-4.219921594473518667e+00 -9.670531978869558287e+00
2.517852069162713757e+00 8.435485318990966874e+00
1.518290926070058333e+00 -3.819476876012126265e+00
1.571393519749195278e+00 -2.756224350372735721e+00
-8.339823262203924781e-01 -5.782755330791681914e+00
-7.702742293111072058e+00 9.121945929302556877e+00
9.386812789784622524e+00 2.365375292157981812e-01
8.647720090666666692e+00 2.133036760433065560e+00
2.248763626100811042e+00 -1.452727117472860430e+00
6.815600738893826005e+00 1.156789015956948274e+00
7.365213228038420823e+00 -6.008842589254635769e+00
-3.079041278899072864e+00 -3.415985599926882332e-01
2.485411106962235994e+00 5.961558221496973786e+00
-9.316102275856839032e-01 3.804944590869823617e+00
-4.368117398803594398e+00 1.468294554278860353e+00
2.697839310046333594e+00 2.342245350661032344e+00
-7.846190453519337193e-01 -4.752241002786961488e+00
-3.432227316483842827e+00 4.150130322567331831e+00
4.915194417124918225e+00 4.437738228796421325e+00
-8.204416420864758530e-01 -2.088918861269303928e+00
4.684282010612048630e+00 7.255358814876663232e+00
1.622304004338203098e+00 -1.031145762956740430e+00
5.091314297189529547e+00 -5.598381326051428353e+00
-6.271301074924381602e+00 6.482971045893314965e+00
5.276392678723810903e+00 -5.432060664915163706e+00
-7.136032283005659949e+00 -1.998108283845846156e+00
1.985252946591487433e+00 -3.035534841063523892e+00
-6.558580923676417207e+00 -2.130430987574687851e+00
6.476164424701883249e+00 8.305337297191503154e+00
-6.917558565609791543e-01 4.992347907470400692e+00
-9.121204808850357892e+00 -4.867845290448707951e-01
2.137053121747740647e+00 6.427775881240521905e+00
-5.436302910632382357e+00 -7.225097495127796865e-01
6.230552937913495626e+00 7.452133521769573221e+00
-7.017228703495944409e+00 -1.191307370228881624e+01
4.412625782178359324e-01 3.206226844630313266e-01
6.086400550296858114e+00 -4.866257689809630804e+00
-3.809531911543183824e+00 7.222882412577813938e+00
-4.411702230065162489e+00 1.174722617752518072e+00
5.960729626737652609e+00 7.672267314570970775e-01
4.615972691041172471e-01 -1.975789667967711383e+00
2.645881465810074218e+00 2.475282938077915662e-01
-4.631541778374687723e+00 1.012042622944729464e+00
2.417634536781056553e+00 3.948132221631097227e+00
1.784730841412607516e+00 -2.537125405651364130e+00
-9.716164714849050199e+00 -1.583737196664456670e+00
4.223347984186836435e+00 -1.067049516278400834e+00
-2.848373930582643432e+00 -1.784645518061361846e+00
9.011139209381454407e+00 1.394852503948006195e+00
-1.061694985487611653e+00 -9.802245175508844000e+00
7.864341639360446834e+00 4.279674325633981091e+00
-2.275990664043199274e+00 -4.682520849917358952e+00
-4.857264429184493082e+00 -2.090449630306895124e+00
4.937343895103932567e+00 -6.512739153962503025e+00
1.111388737015474604e+01 -4.849789333359179055e-01
-3.220811881838764990e+00 -5.283545620367612550e+00
-2.025787104943327144e+00 -1.183642944147208986e+01
6.049945767656574880e+00 -3.043850929710105735e+00
-3.932261302808836012e-01 2.482665471547407243e+00
-1.894400347588122147e+00 6.096639190945110975e+00
-5.100944002089210727e+00 -6.936185104384373634e-01
3.394403517541071391e+00 4.441295998851075844e+00
9.290696036565347926e-01 2.819414533924504251e+00
9.809297156680623075e+00 2.524961042884821705e+00
3.995022856910015463e+00 8.638950059804169967e+00
1.814215290274157510e+00 1.869581065932386821e+00
1.040715090134334719e+00 -1.188854901273696418e+00
-2.751086844840834322e-01 -9.127290413712934036e-01
-5.668356342377049994e-01 4.356556274588303523e+00
2.472523419148855872e+00 -4.229017295345529170e+00
4.433552878189200186e+00 8.490135531011677728e-01
-4.090447984592685771e+00 4.631721223340459659e+00
2.971976048886227240e+00 3.868873459342203613e-01
-3.279688209990498926e+00 3.301022093411234426e+00
-7.378726915455460222e+00 7.532273862610279203e+00
6.246779948679555272e-02 6.462040912132410497e+00
-3.586021214757469266e+00 -2.810818952289694472e+00
5.626222992250625055e+00 5.011779341267182275e+00
-3.781255856143279193e+00 2.779284694744266204e+00
1.628746160813323796e+00 -8.931294695110841841e-01
2.671905849178782155e+00 2.026810961643922049e+00
4.020026530119443997e+00 -4.352802740097523326e+00
1.570109379454353160e+01 7.004784309470661441e+00
6.286392409757969091e+00 5.367685724395341751e+00
-3.036436255693101494e+00 9.271784089824450348e+00
5.954824322281955240e-01 4.520055922860457542e+00
-1.161326444341095332e+00 8.103428406420338348e+00
4.695236935321828398e+00 -2.445879411147396709e+00
9.379987660663486881e-01 -3.991093328627955295e+00
-1.769544703957041998e+00 5.524303234152123654e-01
2.961888021794775172e-01 4.538577154461974850e+00
-8.933364502007917096e+00 -4.073714511695522233e+00
1.000456966643051171e+00 1.084683482703142587e+01
-3.136363120555340167e+00 -5.230238494829120288e-01
4.736075141325099658e+00 5.949562189903554454e+00
-6.166399895871768067e+00 2.654807458909989482e+00
-1.122219913152526516e+01 4.134680295008319462e+00
4.926386185841029608e+00 -5.276446714953873851e+00
-2.416063898756183548e+00 -3.293804816400128122e+00
-2.786069083238327693e+00 -4.370980204962943816e+00
1.748464803007030666e+00 -1.210703621110925388e-01
6.357428062458300388e+00 -9.101487568682632201e+00
1.345448551191035458e+00 1.032654554210048259e+00
1.003070634191134181e+00 -1.701980339493507133e+00
-3.280793277917170236e+00 -2.092676086066080998e+01
1.098455038732481182e+00 8.297598045632209818e+00
4.762778643091484909e+00 -2.630604999526933607e+00
8.101004464007239392e+00 7.338973310651429216e+00
8.215066237396390747e+00 -7.746911042774986100e+00
-3.566774804951064581e+00 -5.493193051794762027e+00
4.684572245214760677e+00 7.321592134469323554e+00
-2.208751863512017632e-01 -2.058509613079558598e+00
-5.648456009134321665e-01 -9.029824695380437305e+00
-1.840139026170962921e+00 -5.846796328439356927e+00
5.902009676633621638e+00 -1.270257555137761285e+00
3.167722496030435098e-01 4.830884454246821669e+00
2.529134009373228853e+00 3.085434425813979420e+00
-2.733290079606955914e-01 -1.418626180433381734e+00
-1.608149025712532154e+00 -1.774642351979447419e+00
-1.896484065507817007e+00 -7.659155237283798101e+00
-4.819487322663050577e+00 1.123952671419201410e+00
3.491452557127360912e+00 3.717707491352885363e+00
-3.257887111457702822e+00 1.250223101706769757e+00
-2.462536200981983558e+00 1.261808530866384892e+00
3.335335735569003646e+00 -2.237241466467378093e+00
-4.561392263039330430e+00 8.343666873110775484e+00
9.161067110856206952e+00 1.535233048616857499e+00
8.515194670610364280e-01 6.455389229968777620e+00
-5.062938428427161242e+00 4.245331501581771860e+00
-5.377987765220545668e+00 -1.284576328431824566e+00
